#Network: Wiki-Vote.txt
#Nodes: 7115	Edges: 103689
#NodeId	EigenVector
30	0.003813
1412	0.002763
3352	0.109897
5254	0.045782
5543	0.042761
7478	0.013284
3	0.004394
28	0.018121
39	0.006392
54	0.004783
108	0.000303
152	0.007408
178	0.015309
182	0.016190
214	0.020702
271	0.021251
286	0.002398
300	0.001718
348	0.006043
349	0.001014
371	0.020146
567	0.002839
581	0.000885
584	0.002166
586	0.002908
590	0.004439
604	0.002087
611	0.002880
8283	0.000351
25	0.007579
6	0.023769
8	0.016634
19	0.006252
23	0.009047
29	0.020949
33	0.006576
35	0.020628
50	0.005095
55	0.011190
75	0.006305
80	0.008996
86	0.027738
94	0.010936
127	0.026045
154	0.010360
192	0.004750
224	0.003794
226	0.005781
246	0.005027
252	0.003903
255	0.015776
257	0.003428
261	0.003862
273	0.001547
280	0.014294
282	0.011676
299	0.015013
302	0.002667
306	0.039971
308	0.025549
310	0.035941
322	0.005572
325	0.008033
339	0.009997
356	0.006435
358	0.000839
363	0.003807
370	0.004432
373	0.002435
377	0.002534
379	0.002831
407	0.038811
415	0.011185
422	0.002065
428	0.001774
439	0.011945
488	0.003306
514	0.001847
545	0.010483
549	0.008319
560	0.005450
592	0.002430
600	0.046649
645	0.003419
650	0.015043
659	0.009941
664	0.004727
667	0.009560
673	0.007084
675	0.003989
696	0.004509
706	0.013250
723	0.005879
739	0.008330
756	0.007505
857	0.017083
864	0.003666
893	0.008673
959	0.018609
994	0.015279
1131	0.004185
3755	0.022343
8282	0.001227
8284	0.000668
4	0.001997
10	0.008562
38	0.003752
56	0.024481
130	0.004247
140	0.002988
147	0.011333
151	0.010483
232	0.007113
243	0.007886
341	0.005395
606	0.001522
5	0.001585
61	0.003121
89	0.006803
93	0.001995
153	0.001883
163	0.003315
167	0.001148
168	0.003762
175	0.001925
34	0.002690
132	0.007556
135	0.003394
171	0.014367
183	0.003430
216	0.003836
219	0.001915
227	0.005132
228	0.005771
236	0.006360
250	0.002571
258	0.001802
259	0.017662
274	0.003546
285	0.015363
290	0.040376
298	0.009303
301	0.001226
304	0.014617
317	0.023687
319	0.031756
359	0.000446
362	0.001226
378	0.001852
390	0.001421
391	0.003546
392	0.000480
394	0.002108
396	0.002483
402	0.003892
405	0.006330
406	0.006752
421	0.000930
427	0.003192
431	0.003233
432	0.029521
433	0.001606
435	0.002479
440	0.002422
447	0.007141
538	0.000814
564	0.003153
566	0.002212
579	0.014710
589	0.002519
609	0.002841
613	0.002272
616	0.001773
617	0.001789
619	0.000971
643	0.012770
656	0.005435
665	0.010900
668	0.002983
691	0.008009
694	0.001036
700	0.003723
704	0.024086
717	0.002797
730	0.010555
733	0.010498
741	0.009461
761	0.014993
765	0.021226
779	0.001778
789	0.059678
791	0.006870
798	0.007876
802	0.002877
813	0.058436
820	0.007208
826	0.039887
863	0.004690
871	0.015588
881	0.003850
885	0.002564
895	0.009959
897	0.003268
904	0.022510
906	0.002974
907	0.006232
913	0.005499
922	0.023824
932	0.004755
936	0.004170
955	0.004251
960	0.013041
963	0.007222
966	0.003731
971	0.015250
972	0.006213
978	0.025887
979	0.003304
983	0.000733
991	0.003444
993	0.069245
995	0.002408
1007	0.004671
1014	0.007477
1022	0.008668
1026	0.027766
1032	0.012150
1035	0.015381
1043	0.006972
1055	0.037428
1062	0.033299
1125	0.011893
1144	0.002759
1152	0.002703
1156	0.005541
1160	0.005114
1167	0.031301
1168	0.003907
1218	0.005964
1220	0.002274
1221	0.010042
1222	0.007172
1234	0.012057
1241	0.011153
1248	0.012070
1253	0.016446
1261	0.011614
1297	0.071527
1321	0.004635
1326	0.003140
1377	0.009829
1389	0.004407
1390	0.010444
1394	0.006254
1396	0.005843
1428	0.042030
1439	0.007372
1441	0.008314
1442	0.007790
1446	0.003374
1453	0.026961
1464	0.008167
1465	0.005323
1468	0.009148
1471	0.016680
1472	0.000473
1476	0.009141
1478	0.001981
1484	0.007767
1485	0.003857
1487	0.023288
1489	0.015056
1490	0.004901
1497	0.011122
1501	0.012705
1506	0.011931
1507	0.002611
1513	0.004206
1514	0.017810
1518	0.004682
1524	0.004683
1525	0.012431
1531	0.003865
1532	0.001840
1533	0.002324
1538	0.022693
1549	0.154018
1555	0.017405
1556	0.006219
1557	0.002166
1563	0.002620
1569	0.004269
1573	0.009131
1587	0.004742
1597	0.007147
1610	0.005004
1619	0.006938
1641	0.008264
1648	0.010792
1652	0.003689
1654	0.005721
1657	0.001834
1662	0.004443
1669	0.004473
1679	0.016339
1689	0.002843
1692	0.002876
1701	0.027166
1716	0.002662
1718	0.009409
1752	0.005476
1758	0.008254
1768	0.006117
1774	0.011092
1783	0.023530
1787	0.012183
1788	0.005482
1798	0.005065
1861	0.003748
1864	0.006049
1982	0.024023
2409	0.005372
2651	0.084270
2843	0.002043
2909	0.030392
3892	0.021456
4037	0.054897
4134	0.007196
4792	0.019943
4942	0.002553
5323	0.010190
5697	0.048050
6227	0.008759
6330	0.012365
6624	0.022477
6765	0.007633
6790	0.011016
6965	0.000245
7161	0.000636
7632	0.024880
8290	0.016273
7	0.002039
32	0.001965
105	0.002555
524	0.000643
1190	0.006242
1193	0.018705
1425	0.004285
1919	0.042166
8287	0.002926
36	0.045048
49	0.003805
144	0.002762
150	0.006757
389	0.000915
506	0.005358
587	0.008086
607	0.001640
622	0.001528
624	0.002143
627	0.002571
628	0.002117
631	0.002521
636	0.005655
637	0.013784
657	0.001717
658	0.003354
674	0.003918
677	0.004029
681	0.003464
687	0.002054
715	0.005798
719	0.006579
725	0.003580
749	0.016017
760	0.004722
778	0.004691
806	0.001462
810	0.008719
817	0.011125
822	0.004530
844	0.010962
866	0.002848
868	0.003284
875	0.002220
878	0.006581
882	0.002574
938	0.004830
977	0.003392
1092	0.002330
9	0.006000
517	0.000810
559	0.006516
626	0.010099
918	0.005582
982	0.012867
1049	0.015989
1103	0.010263
1384	0.017944
1580	0.005752
1618	0.004543
1717	0.041611
1855	0.018130
1966	0.018020
743	0.003031
746	0.005284
748	0.004080
750	0.003742
11	0.092787
15	0.061866
72	0.053857
95	0.004013
204	0.038287
230	0.008040
313	0.018824
332	0.012217
334	0.009512
338	0.001638
350	0.013391
372	0.008481
429	0.004425
465	0.023092
575	0.003647
608	0.027792
644	0.011462
647	0.009992
684	0.002377
705	0.005354
707	0.021531
710	0.021956
722	0.054981
744	0.002651
762	0.060750
763	0.025687
764	0.018735
771	0.003174
793	0.000918
803	0.005741
805	0.021916
825	0.067004
829	0.004177
836	0.010534
837	0.002539
838	0.008833
839	0.002623
849	0.003631
853	0.007418
859	0.012399
873	0.006435
887	0.010479
908	0.016382
929	0.001377
934	0.003221
935	0.011842
937	0.017909
941	0.019093
942	0.001713
943	0.007937
945	0.003782
946	0.034992
947	0.020396
956	0.010069
958	0.006936
968	0.007755
975	0.007630
985	0.005238
989	0.006944
999	0.007916
1000	0.015763
1006	0.018358
1012	0.007362
1018	0.012788
1031	0.016503
1034	0.013070
1061	0.008493
1075	0.017158
1080	0.005974
1097	0.032991
1111	0.026658
1124	0.005374
1127	0.018708
1128	0.003509
1137	0.027689
1151	0.088777
1154	0.008480
1164	0.019908
1165	0.011504
1185	0.023305
1186	0.024347
1191	0.008304
1196	0.004100
1199	0.010974
1200	0.029150
1201	0.018028
1203	0.007395
1211	0.043831
1230	0.016048
1239	0.015543
1243	0.011152
1250	0.011753
1259	0.012997
1260	0.002202
1279	0.030185
1282	0.002655
1284	0.012576
1285	0.020034
1286	0.018032
1296	0.008669
1305	0.064209
1307	0.021432
1310	0.014746
1319	0.043249
1322	0.014243
1330	0.007466
1353	0.016519
1360	0.019174
1372	0.002491
1374	0.084521
1375	0.004233
1378	0.016813
1382	0.007404
1385	0.032462
1402	0.006054
1407	0.007252
1411	0.008109
1413	0.011227
1418	0.005853
1420	0.005936
1435	0.001159
1437	0.012127
1444	0.006746
1482	0.021130
1486	0.001951
1492	0.047338
1496	0.053139
1520	0.005271
1521	0.035626
1534	0.009630
1542	0.048314
1547	0.015864
1550	0.014802
1565	0.010548
1566	0.020300
1583	0.021403
1585	0.037400
1592	0.012896
1608	0.069853
1613	0.007213
1621	0.031584
1622	0.025273
1628	0.006947
1629	0.002782
1633	0.040711
1637	0.013431
1638	0.005766
1646	0.013111
1649	0.004190
1653	0.012694
1658	0.009023
1661	0.019235
1672	0.005015
1680	0.018568
1687	0.002251
1688	0.025795
1697	0.023773
1700	0.024369
1706	0.017761
1707	0.010885
1714	0.008045
1726	0.008462
1729	0.018842
1730	0.016768
1732	0.007685
1746	0.008469
1747	0.007438
1749	0.023814
1757	0.012074
1769	0.027328
1771	0.001119
1772	0.031818
1780	0.004551
1791	0.006950
1802	0.005414
1805	0.009757
1811	0.016058
1816	0.013448
1835	0.023868
1836	0.021155
1842	0.024441
1847	0.030495
1848	0.010145
1849	0.009815
1857	0.005706
1858	0.009176
1859	0.009160
1880	0.007246
1884	0.005809
1888	0.021740
1893	0.018089
1901	0.006125
1903	0.006753
1908	0.008625
1920	0.004416
1927	0.008317
1953	0.009080
1956	0.027723
1963	0.009667
1964	0.014290
1965	0.010153
1969	0.010408
1973	0.011237
1977	0.014208
1979	0.007984
1983	0.005350
1985	0.019870
1987	0.011005
1990	0.034290
1991	0.016591
1992	0.023179
1997	0.021607
2004	0.008402
2007	0.003786
2014	0.016686
2055	0.003989
2060	0.002793
2062	0.035859
2066	0.050137
2071	0.013920
2073	0.010505
2076	0.008557
2079	0.006040
2085	0.008859
2091	0.008955
2095	0.006071
2097	0.008696
2101	0.003377
2109	0.015090
2114	0.026688
2117	0.028587
2119	0.007232
2128	0.018140
2134	0.024545
2137	0.006367
2144	0.031296
2145	0.060578
2151	0.009839
2157	0.011800
2168	0.004172
2178	0.007605
2181	0.005610
2182	0.004271
2193	0.015525
2202	0.005532
2205	0.004107
2206	0.005633
2210	0.029443
2237	0.081442
2240	0.048900
2241	0.015257
2246	0.008716
2252	0.031576
2253	0.005657
2257	0.033706
2273	0.012120
2289	0.021527
2294	0.008078
2328	0.098169
2329	0.008841
2332	0.008860
2333	0.009770
2339	0.005371
2341	0.012679
2345	0.007862
2350	0.005702
2362	0.003800
2364	0.019147
2381	0.040696
2384	0.029681
2385	0.009698
2397	0.011461
2400	0.015087
2410	0.018775
2411	0.062538
2426	0.006518
2435	0.015909
2456	0.021386
2470	0.019364
2475	0.006926
2479	0.003862
2484	0.001600
2485	0.097320
2490	0.010485
2499	0.007708
2504	0.036645
2506	0.026035
2508	0.025049
2517	0.019636
2535	0.055011
2544	0.021338
2565	0.169486
2570	0.010385
2575	0.008543
2579	0.013371
2580	0.005629
2585	0.047417
2587	0.016967
2593	0.033570
2595	0.029024
2604	0.007100
2612	0.021288
2619	0.038347
2625	0.059285
2643	0.019017
2646	0.025866
2653	0.069991
2655	0.028152
2657	0.044570
2665	0.017619
2669	0.012692
2685	0.015018
2686	0.054773
2696	0.033376
2720	0.005854
2727	0.032196
2746	0.029118
2754	0.021403
2760	0.022570
2763	0.015204
2775	0.036967
2777	0.006258
2787	0.014718
2794	0.016797
2811	0.018210
2859	0.044125
2871	0.083917
2900	0.040166
2923	0.022903
2932	0.030888
2958	0.040448
2981	0.026008
3002	0.015035
3005	0.040274
3007	0.025845
3010	0.041006
3014	0.024730
3024	0.039532
3026	0.071298
3028	0.055426
3034	0.042653
3059	0.027663
3073	0.013714
3084	0.044864
3092	0.028984
3114	0.018616
3117	0.040405
3125	0.021862
3136	0.015694
3140	0.023719
3144	0.038222
3180	0.019145
3192	0.044096
3258	0.049400
3260	0.030087
3284	0.017460
3291	0.043842
3309	0.015085
3321	0.025247
3334	0.038512
3394	0.057072
3404	0.040759
3433	0.012286
3439	0.048786
3443	0.036348
3447	0.055314
3452	0.044107
3453	0.063063
3454	0.055028
3458	0.021277
3463	0.013408
3464	0.011201
3480	0.026062
3529	0.016957
3537	0.040759
3557	0.024844
3562	0.041448
3568	0.057181
3607	0.026342
3615	0.060823
3631	0.041833
3635	0.034765
3645	0.026813
3650	0.030415
3660	0.030865
3661	0.024119
3680	0.019049
3748	0.025350
3787	0.054597
3800	0.018735
3806	0.018645
3807	0.019995
3812	0.039276
3830	0.020732
3843	0.028832
3847	0.014577
3871	0.017361
3903	0.021231
3926	0.015649
3937	0.011117
3956	0.028108
3958	0.025202
3967	0.011461
3970	0.019105
4011	0.027156
4013	0.019102
4021	0.016612
4024	0.007864
4040	0.037908
4043	0.015001
4044	0.027877
4055	0.017953
4058	0.004523
4065	0.038545
4072	0.019496
4088	0.006565
4103	0.017458
4124	0.045199
4162	0.019637
4179	0.021454
4201	0.016883
4212	0.022553
4231	0.005078
4247	0.025279
4256	0.025547
4261	0.020126
4263	0.017706
4266	0.021882
4269	0.017456
4289	0.014490
4290	0.019884
4297	0.028849
4299	0.016618
4335	0.043703
4384	0.018279
4417	0.012447
4422	0.012861
4424	0.015412
4463	0.021056
4485	0.018373
4510	0.019110
4528	0.015009
4531	0.018393
4547	0.021121
4578	0.023805
4613	0.012394
4661	0.018328
4662	0.018391
4706	0.013155
4709	0.020585
4719	0.014766
4796	0.010893
4808	0.011337
4811	0.021625
4814	0.013127
4820	0.014348
4827	0.017380
4938	0.011851
4962	0.013344
5026	0.013555
5037	0.014185
5055	0.014527
5073	0.010381
5092	0.015289
5100	0.018869
5106	0.015432
5130	0.020272
5132	0.009929
5144	0.011507
5802	0.041718
6170	0.009443
6496	0.014619
6715	0.018331
6739	0.008236
8286	0.000617
8291	0.014148
8293	0.033793
12	0.006370
663	0.031378
697	0.024621
2708	0.014676
3371	0.015325
4233	0.012759
13	0.000949
14	0.011416
324	0.004124
368	0.001958
477	0.001625
797	0.000822
1053	0.009213
1123	0.008178
2016	0.021369
8285	0.000468
417	0.027542
737	0.073437
974	0.041890
2229	0.031271
2398	0.077242
4561	0.000756
4600	0.025788
4645	0.004139
4658	0.000881
7871	0.007783
8292	0.011298
16	0.001802
17	0.002546
18	0.001502
20	0.018340
321	0.008879
425	0.020443
861	0.007424
896	0.018466
981	0.005068
1044	0.003351
1352	0.028403
1604	0.007165
2165	0.006662
2281	0.004545
2285	0.015248
2324	0.025645
2348	0.005726
2693	0.061159
2774	0.030870
2828	0.013593
2877	0.013891
3027	0.022792
3456	0.091870
3516	0.024687
3614	0.046436
4373	0.009946
5327	0.009361
5714	0.027962
5775	0.016537
5780	0.012211
5814	0.034843
5818	0.020652
6229	0.013649
6262	0.012356
6780	0.006926
7726	0.009393
8288	0.001757
21	0.007231
794	0.006316
2814	0.010213
22	0.000035
601	0.001566
670	0.001794
1029	0.014877
1039	0.003706
1593	0.008601
24	0.050862
311	0.057441
633	0.022746
742	0.016144
769	0.028982
856	0.039806
1100	0.007331
1267	0.033501
1315	0.011369
1357	0.047616
1416	0.022265
1419	0.019236
1473	0.031768
1548	0.008467
1705	0.020415
1723	0.013191
1734	0.037225
1754	0.036933
1781	0.015304
1808	0.040022
1814	0.039574
1837	0.010653
2209	0.032238
2225	0.034091
2264	0.023396
2276	0.028436
2323	0.049423
2354	0.023616
2371	0.040066
2375	0.025046
2516	0.040243
2542	0.040767
2560	0.043150
2660	0.067233
2667	0.041135
2697	0.038352
2707	0.037161
2815	0.014433
2819	0.024914
2822	0.023671
2830	0.021022
2922	0.007015
2926	0.005294
2955	0.015295
2963	0.013638
2999	0.016054
3018	0.016735
3089	0.052205
3164	0.013754
3351	0.015368
3408	0.025883
3410	0.003492
3473	0.022642
3586	0.041729
3643	0.039380
3792	0.015551
3854	0.032013
3898	0.011848
3910	0.025530
4276	0.020190
4310	0.063904
4338	0.028250
4349	0.007963
4712	0.055165
4944	0.006913
4953	0.017684
4999	0.015499
5123	0.033812
5162	0.011324
5341	0.010369
5412	0.042250
5423	0.028727
5484	0.030024
5511	0.008503
5596	0.012313
5863	0.011870
6097	0.015087
6272	0.019589
6441	0.013096
6566	0.011701
6833	0.014432
6855	0.014963
6869	0.013468
6948	0.006859
6955	0.010096
7119	0.007979
7143	0.008475
7144	0.008661
1030	0.001270
1077	0.000554
2801	0.008672
6251	0.010414
1023	0.006958
1038	0.002686
1166	0.139487
2120	0.039384
2135	0.048084
2297	0.071538
2594	0.045570
2599	0.010789
2620	0.015122
2689	0.020071
2831	0.029226
2834	0.012820
3150	0.016744
3274	0.027814
3489	0.020413
4099	0.060751
4303	0.000810
4483	0.044595
4574	0.023501
4717	0.027742
4781	0.021055
4929	0.013023
5022	0.044732
5459	0.031637
5529	0.016293
5605	0.013877
5799	0.010496
5804	0.021968
5822	0.024920
5897	0.013101
6006	0.030339
6044	0.012032
6151	0.013535
6437	0.014157
7115	0.011687
7289	0.001329
7908	0.011284
8174	0.008583
37	0.003662
3976	0.054417
4735	0.038400
6123	0.015596
40	0.000720
26	0.005437
419	0.000067
41	0.002094
42	0.008152
823	0.002927
1024	0.011170
6458	0.012007
7108	0.007639
43	0.000304
44	0.005905
2652	0.004676
3813	0.032612
4687	0.021932
4795	0.027764
4875	0.027554
5439	0.015368
6306	0.020034
6432	0.011201
7092	0.028429
8295	0.022990
45	0.000518
46	0.004598
3435	0.013277
3506	0.009653
47	0.017437
1236	0.025787
1300	0.000222
1564	0.011134
1603	0.012888
2185	0.000270
3720	0.015969
3803	0.016531
3897	0.035844
3946	0.013955
4189	0.012553
5922	0.009269
6875	0.008278
8212	0.005571
8294	0.026954
48	0.001621
51	0.002262
52	0.000029
53	0.008195
1744	0.021554
3276	0.048570
3646	0.012319
3717	0.008955
4183	0.004408
4191	0.050964
4235	0.001798
4389	0.000082
4666	0.028313
4764	0.015042
5079	0.055789
5640	0.008134
5998	0.019760
840	0.009753
5404	0.026461
5545	0.012484
5582	0.019599
6198	0.007647
6498	0.010978
6503	0.006870
6913	0.015780
6946	0.018711
7040	0.004507
7052	0.023708
7295	0.007730
682	0.003111
714	0.002044
784	0.044969
795	0.009642
1020	0.001586
1432	0.000806
515	0.000875
2211	0.007428
57	0.001373
58	0.005032
5378	0.005035
8237	0.003757
59	0.010228
928	0.005094
1595	0.004046
1918	0.021408
2174	0.030044
2547	0.029270
2550	0.021304
2724	0.009790
2946	0.005371
2966	0.007775
2972	0.059728
2977	0.006586
2979	0.004499
3015	0.017653
5624	0.010420
6166	0.007573
60	0.002577
7624	0.007562
62	0.000916
2092	0.000466
2247	0.000090
27	0.011470
2369	0.033041
2917	0.005229
4400	0.023979
4448	0.027039
4715	0.014800
4828	0.042984
5210	0.022787
5743	0.024267
5844	0.015485
6246	0.010142
63	0.000237
64	0.001887
65	0.000269
66	0.006886
2799	0.011789
4588	0.008699
5614	0.005026
7961	0.012966
3238	0.028253
3459	0.041066
3479	0.033195
3498	0.038886
4098	0.015409
4994	0.012824
5061	0.016290
5321	0.020290
5524	0.074305
5683	0.013564
6004	0.013133
6774	0.017914
6832	0.024528
6979	0.018264
7050	0.006111
7279	0.012303
7620	0.022923
8042	0.006504
8128	0.004324
73	0.000995
76	0.000099
78	0.001730
1192	0.002082
79	0.004500
930	0.003137
77	0.001771
81	0.000888
1157	0.019009
83	0.000593
91	0.000111
67	0.001254
84	0.000012
85	0.000012
2160	0.022600
2576	0.068938
2809	0.009653
3050	0.007472
3310	0.006971
3576	0.005412
3681	0.012151
5028	0.017061
5421	0.004581
5449	0.025695
5936	0.020185
6094	0.007431
6327	0.030119
6914	0.022923
6930	0.008507
7553	0.022801
71	0.013398
1636	0.001342
1915	0.016498
2106	0.007506
3804	0.009783
4780	0.007042
5058	0.006598
5671	0.007420
7809	0.017925
7921	0.002038
87	0.035488
2053	0.012105
2256	0.064080
2623	0.033408
2764	0.006981
2790	0.064535
2925	0.010931
3460	0.018681
3873	0.016859
3912	0.006396
3962	0.013653
4078	0.003264
4110	0.019190
4332	0.001688
4453	0.013786
4632	0.041714
4748	0.013649
5020	0.032735
5072	0.015842
5200	0.018575
5308	0.004220
5392	0.013980
5415	0.008198
5584	0.013980
5630	0.009139
5684	0.017851
5732	0.010354
5737	0.008779
5790	0.011648
5798	0.019631
5963	0.011006
6156	0.019006
6174	0.008176
6296	0.007986
6337	0.019464
6400	0.010353
6407	0.008043
6553	0.004542
6737	0.003305
7381	0.011251
7649	0.009604
7662	0.010549
8141	0.007395
88	0.000012
1270	0.000828
1612	0.006479
2991	0.010013
3921	0.002090
3974	0.000765
90	0.011089
1596	0.014435
92	0.000142
82	0.000027
99	0.001978
1498	0.010860
3293	0.005316
4071	0.018185
5812	0.009157
6560	0.022011
6592	0.000781
6634	0.021741
6918	0.011656
7574	0.002192
7588	0.002544
7803	0.005725
8132	0.000860
96	0.000173
100	0.000120
98	0.000565
31	0.000806
102	0.001017
1232	0.001388
103	0.009284
2589	0.002633
2851	0.023693
4536	0.039782
5452	0.016346
5503	0.000155
5800	0.044363
5872	0.016157
6589	0.008020
6665	0.018306
6967	0.001960
7074	0.002930
7618	0.006727
115	0.000128
116	0.000086
104	0.002130
106	0.000963
3033	0.032624
68	0.046412
1159	0.012876
1792	0.017232
2001	0.015000
2072	0.026432
2102	0.024326
2307	0.010753
2325	0.014384
2338	0.014743
2440	0.025836
2597	0.015824
2618	0.023728
2654	0.064562
2765	0.011447
2912	0.021481
2951	0.019329
2973	0.021381
3021	0.015148
3056	0.016834
3145	0.013123
3307	0.018758
3313	0.004790
3376	0.007190
3634	0.028686
3691	0.024601
3816	0.003844
3949	0.008236
3980	0.003995
4051	0.007476
4111	0.005823
4211	0.012912
4351	0.005158
4584	0.001497
4587	0.021996
4604	0.008781
4631	0.004126
4791	0.007600
4884	0.005527
4896	0.000248
4981	0.023118
5002	0.038205
5096	0.008834
5179	0.044827
5188	0.048533
5226	0.016190
5233	0.026904
5245	0.004815
5262	0.024425
5288	0.024298
5351	0.001182
5430	0.017403
5437	0.009189
5445	0.017847
5457	0.010993
5463	0.012136
5527	0.012859
5620	0.008487
5637	0.011781
5639	0.004002
5655	0.016300
5680	0.007536
5721	0.011407
5745	0.002618
5806	0.016996
5839	0.016248
5848	0.012013
5860	0.003554
5886	0.014540
5902	0.014326
5925	0.008072
5933	0.007061
5972	0.002304
5994	0.012168
6083	0.000990
6098	0.012913
6124	0.014173
6130	0.001222
6505	0.012106
6599	0.010426
6682	0.001237
6784	0.022165
7063	0.012027
7094	0.008320
7168	0.012320
7233	0.008286
7341	0.006637
7544	0.007783
7795	0.008076
7839	0.010525
8051	0.004330
8178	0.005436
117	0.000071
118	0.000071
119	0.000071
107	0.000113
109	0.022387
1074	0.014714
2511	0.008850
3752	0.012741
4361	0.015103
4401	0.006165
4441	0.031716
4786	0.002447
4798	0.011909
4940	0.005142
5140	0.012522
5273	0.015410
5295	0.010551
5465	0.005997
5479	0.009628
5563	0.017400
5626	0.008083
5739	0.018201
5760	0.015209
5819	0.018119
5824	0.009765
5827	0.016161
5829	0.011293
5871	0.022862
6001	0.008612
6043	0.014722
6328	0.016598
6344	0.000255
6376	0.001284
6417	0.010446
6442	0.006749
6464	0.001308
6481	0.011686
6511	0.001072
6523	0.018322
6528	0.005477
6529	0.002155
6552	0.009554
6555	0.018779
6567	0.003769
6576	0.010704
6596	0.018420
6600	0.011116
6699	0.006591
6770	0.010467
6788	0.001288
6860	0.012715
6901	0.007767
6934	0.018574
6951	0.004283
6980	0.009752
7005	0.008241
7021	0.012834
7047	0.018586
7101	0.006903
7185	0.004091
7225	0.013000
7280	0.018363
7373	0.010379
7393	0.002762
7400	0.010021
7414	0.011248
7668	0.000549
7694	0.006685
7757	0.006225
7763	0.005644
7788	0.007535
7810	0.007600
7924	0.006154
8297	0.008706
110	0.008522
4435	0.006479
7855	0.007955
7862	0.008281
111	0.002553
120	0.001432
112	0.000071
121	0.000577
122	0.049724
403	0.018400
1247	0.024774
1291	0.023673
1393	0.014715
1777	0.015312
1984	0.012165
2322	0.025243
2474	0.049529
2700	0.054532
2747	0.043723
2768	0.009345
2805	0.010808
2968	0.028288
3029	0.017727
3106	0.013705
3148	0.027281
3173	0.016822
3251	0.017985
3253	0.028377
3393	0.017335
3520	0.010055
3541	0.029359
3580	0.026612
3587	0.024681
3772	0.006590
3776	0.004327
3887	0.014482
4117	0.003643
4365	0.013235
4530	0.022973
4964	0.024471
4977	0.009411
5155	0.016568
5335	0.014363
5454	0.018149
5506	0.009857
5509	0.015384
5592	0.005885
5651	0.013862
5947	0.017331
7699	0.015832
113	0.012660
686	0.009946
5178	0.024508
7651	0.010088
123	0.000071
124	0.000075
114	0.000071
126	0.004076
346	0.025984
2290	0.050586
2687	0.011368
2928	0.003055
3009	0.026006
3265	0.022370
3549	0.004561
3567	0.009014
3713	0.002857
3769	0.008753
4234	0.008415
5928	0.010855
7012	0.009788
128	0.011895
1950	0.000691
2069	0.003829
2340	0.004948
2366	0.005750
2386	0.003217
3126	0.007059
129	0.000192
133	0.000287
134	0.000054
136	0.011257
1493	0.003969
3297	0.012010
3346	0.010268
3919	0.008824
4412	0.006314
4713	0.011071
5482	0.014131
5738	0.005696
5950	0.007788
5980	0.006086
6000	0.008264
6299	0.026256
6472	0.001500
6628	0.003106
6670	0.001101
6707	0.001520
6725	0.004588
6777	0.001584
6805	0.001611
6938	0.001491
6953	0.005720
6997	0.000739
7054	0.012022
7301	0.007827
7442	0.006095
137	0.000045
138	0.006394
139	0.002832
141	0.000045
142	0.001851
143	0.010189
1678	0.005556
1955	0.000968
145	0.002540
5189	0.052736
6720	0.009560
146	0.000130
1140	0.008097
1141	0.001702
149	0.000105
155	0.009482
6923	0.000844
6993	0.009735
7116	0.007489
7493	0.002027
7587	0.013913
7604	0.000926
7647	0.003411
7648	0.001078
7652	0.001557
7672	0.000054
7701	0.000942
7927	0.006159
156	0.000272
157	0.007682
1114	0.004491
158	0.000379
159	0.000031
160	0.000031
161	0.003002
1240	0.000853
3429	0.001030
162	0.000251
6691	0.000051
165	0.000098
4689	0.005282
172	0.027285
1571	0.023077
1972	0.048198
2356	0.029952
2510	0.042360
2662	0.014550
3020	0.024871
3030	0.019558
3099	0.008572
3243	0.007771
3338	0.017247
3670	0.009445
173	0.041171
314	0.003829
948	0.007423
1537	0.025322
6269	0.002804
6414	0.017690
6606	0.004176
6994	0.007692
7813	0.007108
174	0.000004
74	0.010049
176	0.003842
177	0.001930
1733	0.016752
1799	0.030916
4646	0.005213
179	0.001706
180	0.008067
181	0.000539
166	0.013357
1935	0.011824
5246	0.011824
6305	0.028121
6945	0.006870
7695	0.005500
8079	0.000608
8083	0.009443
8134	0.009048
8163	0.006036
8198	0.004291
185	0.000752
194	0.000587
187	0.003710
188	0.000661
2713	0.058411
189	0.000108
196	0.000108
190	0.000131
197	0.001082
195	0.000108
198	0.000108
199	0.001370
2721	0.010175
191	0.001839
200	0.000108
201	0.002444
202	0.000269
203	0.007020
3835	0.012468
205	0.000967
206	0.000108
207	0.000108
208	0.000491
209	0.001410
210	0.000108
125	0.003583
215	0.012289
2195	0.001555
2234	0.005256
2242	0.002017
2378	0.001357
2736	0.005455
217	0.000012
221	0.000493
222	0.004001
223	0.000811
1793	0.002601
225	0.000134
240	0.001136
242	0.000222
244	0.000595
245	0.000480
247	0.000325
231	0.005084
5263	0.019176
233	0.000134
234	0.000134
235	0.000541
237	0.004747
2838	0.015651
8121	0.005096
248	0.000134
238	0.000203
239	0.000134
169	0.000365
253	0.000157
254	0.001924
1287	0.000623
256	0.000841
260	0.000661
2770	0.002548
5773	0.015150
5828	0.016268
6840	0.003114
263	0.003350
3726	0.011155
5222	0.009503
264	0.000407
265	0.004197
827	0.010664
5083	0.011920
266	0.001394
267	0.000407
268	0.000578
269	0.003925
270	0.001562
4432	0.006043
276	0.000357
277	0.000068
275	0.010937
2844	0.001981
241	0.000986
2785	0.019051
283	0.000124
284	0.000274
287	0.000015
288	0.000015
289	0.000015
291	0.006773
2326	0.064214
3455	0.019815
4466	0.004900
4776	0.004421
294	0.000064
292	0.000386
293	0.000206
295	0.000330
296	0.001046
297	0.000064
4983	0.012419
5793	0.000174
3724	0.031527
4557	0.008288
249	0.001505
303	0.000142
1833	0.002924
903	0.001318
1277	0.003626
3191	0.024416
4041	0.028212
4138	0.025494
5176	0.035462
5182	0.017061
5969	0.004237
6029	0.006903
307	0.000334
320	0.000595
309	0.000075
2121	0.002331
3417	0.023573
3664	0.009572
4471	0.004998
4482	0.009108
5239	0.009181
5753	0.012243
2425	0.000795
2605	0.024565
2672	0.002456
2918	0.013566
2940	0.037350
3068	0.004633
3969	0.023657
4534	0.017929
4650	0.001867
6595	0.010104
7833	0.007516
312	0.021751
315	0.009919
316	0.000636
305	0.001017
318	0.000519
967	0.010198
2592	0.018683
2629	0.003134
3547	0.005721
3796	0.048436
4527	0.011625
4551	0.013030
4954	0.002464
5075	0.001390
6110	0.000482
6347	0.011351
6570	0.007848
7910	0.007442
8037	0.005545
329	0.000409
330	0.000074
323	0.000074
326	0.000919
331	0.000246
327	0.000721
251	0.001034
328	0.001173
333	0.000131
335	0.006492
5887	0.002655
7443	0.008289
7497	0.005546
7688	0.000697
4403	0.001895
336	0.004620
6221	0.012221
7450	0.006616
337	0.000005
340	0.002283
1266	0.001441
2163	0.002675
2670	0.005774
342	0.000104
343	0.000252
344	0.000192
2501	0.006115
345	0.000761
2251	0.023456
2416	0.016552
3104	0.003890
3446	0.006048
3483	0.015947
3971	0.004330
4822	0.002256
351	0.001562
355	0.000023
352	0.000439
353	0.000538
357	0.000099
193	0.003425
364	0.000938
365	0.000522
366	0.000772
369	0.000023
367	0.000240
6388	0.010793
7277	0.008914
7422	0.007437
374	0.000035
375	0.000022
376	0.004809
386	0.000395
381	0.000146
382	0.000121
387	0.001075
101	0.001024
383	0.009682
2674	0.040796
384	0.000121
393	0.000121
395	0.005443
4175	0.016235
4341	0.005163
5199	0.013555
6904	0.000024
6976	0.011097
7512	0.003953
7890	0.008669
397	0.000017
398	0.000594
6890	0.001750
399	0.000718
400	0.001119
401	0.000017
404	0.000764
2433	0.014817
2617	0.010727
3130	0.013398
4846	0.023505
4980	0.015785
5559	0.004910
5568	0.008172
5817	0.024288
7306	0.001223
408	0.000017
409	0.000051
410	0.000164
411	0.000017
413	0.000017
414	0.000136
416	0.000075
418	0.000017
423	0.000699
424	0.000487
2231	0.025164
2880	0.010599
5384	0.006350
5487	0.007389
5811	0.019892
5835	0.004659
6241	0.011226
6255	0.008221
6323	0.010354
6424	0.003026
6447	0.005361
6613	0.009284
6803	0.005500
6809	0.001316
6813	0.000570
6982	0.003463
7131	0.009911
7351	0.009839
7707	0.010853
426	0.001926
430	0.000196
618	0.001482
4653	0.033244
5466	0.006674
5693	0.011464
434	0.002738
436	0.000010
437	0.000010
438	0.000103
412	0.003172
441	0.000103
443	0.000134
7992	0.006606
444	0.000233
451	0.000134
448	0.000134
449	0.001339
3548	0.006821
4402	0.008354
446	0.000134
450	0.000134
211	0.000143
453	0.000040
454	0.000497
455	0.000257
456	0.000343
457	0.098723
1600	0.004316
2277	0.004848
2818	0.003662
2996	0.008740
3200	0.011273
3324	0.007936
3409	0.002080
3849	0.003454
3911	0.002404
3922	0.006065
4173	0.008031
4315	0.022538
4488	0.016449
4507	0.004554
4621	0.002153
4797	0.014787
4824	0.024375
4831	0.002867
4879	0.005391
4899	0.032661
4986	0.009180
5012	0.010591
5045	0.001758
5121	0.011232
5148	0.010921
5204	0.012003
5285	0.012211
5289	0.006750
5305	0.007663
5513	0.002431
5623	0.003359
5631	0.000701
5638	0.008950
5663	0.001451
5705	0.003850
5757	0.003746
5776	0.009838
5792	0.000770
5801	0.001359
5809	0.002721
5830	0.001059
5832	0.000969
5850	0.002669
5891	0.007720
5931	0.001186
5932	0.017944
5973	0.006221
5991	0.002715
6009	0.001523
6010	0.000927
6021	0.001600
6032	0.018569
6106	0.001021
6149	0.000747
6161	0.002430
6218	0.015526
6243	0.012642
6261	0.002926
6270	0.018552
6302	0.002614
6334	0.008885
6409	0.003511
6422	0.009389
6474	0.003856
6491	0.002263
6554	0.005457
6571	0.002388
6594	0.007246
6632	0.007353
6663	0.002995
6668	0.001019
6685	0.000941
6686	0.001621
6783	0.006752
6873	0.007656
6897	0.007870
6907	0.023185
7034	0.000596
7073	0.007550
7237	0.010065
7238	0.005240
7389	0.002475
7491	0.001519
7529	0.005565
7561	0.005551
7791	0.001422
7835	0.005935
7860	0.005878
7946	0.006105
7957	0.000596
7965	0.004453
7979	0.005850
8044	0.004713
8050	0.001254
8209	0.005033
8219	0.005357
8224	0.005270
8226	0.001219
8249	0.002342
458	0.000553
460	0.000259
461	0.000294
462	0.000285
463	0.000229
3939	0.001301
3942	0.002133
467	0.002707
468	0.000021
164	0.000729
472	0.000006
476	0.000027
479	0.000986
480	0.000027
481	0.000027
486	0.000004
473	0.000024
489	0.000158
490	0.000024
492	0.000064
493	0.000206
494	0.000190
497	0.000145
498	0.000216
499	0.001341
501	0.001139
502	0.000390
504	0.000032
507	0.000056
513	0.000175
511	0.000448
509	0.000004
516	0.000009
519	0.000003
520	0.000003
525	0.001034
521	0.000310
522	0.000003
523	0.000003
445	0.000453
527	0.000006
528	0.000006
531	0.000006
530	0.000681
529	0.000006
534	0.000632
536	0.000318
539	0.000591
540	0.000121
541	0.000252
542	0.001300
543	0.000099
544	0.000142
7646	0.005566
546	0.025921
3811	0.003695
4199	0.006199
5298	0.001135
5807	0.008235
6421	0.003962
6590	0.001406
551	0.000099
218	0.000101
547	0.000099
548	0.000099
550	0.000099
552	0.000268
553	0.005204
554	0.001158
555	0.000494
556	0.018868
557	0.000029
558	0.000029
561	0.000444
562	0.000103
563	0.000103
565	0.000352
568	0.000059
569	0.000059
570	0.000338
571	0.000059
572	0.002305
573	0.000059
574	0.000419
576	0.000050
577	0.000050
578	0.000050
580	0.002655
2258	0.032329
5103	0.019218
5500	0.003251
583	0.004748
582	0.005426
4562	0.002090
4605	0.002391
4728	0.001526
585	0.000354
588	0.002416
591	0.000099
595	0.000096
593	0.000037
596	0.000037
594	0.000037
597	0.000196
598	0.000105
599	0.000105
6892	0.001578
7912	0.005056
602	0.000018
605	0.000193
610	0.000039
612	0.000040
614	0.000866
615	0.003003
495	0.000508
620	0.000750
8289	0.000379
621	0.000004
625	0.000838
632	0.000103
5469	0.000146
634	0.024383
1403	0.009689
3554	0.009191
4323	0.010115
5539	0.007430
6148	0.007532
646	0.003494
635	0.011397
638	0.000103
640	0.000513
641	0.000137
642	0.000205
648	0.000174
649	0.003727
3082	0.001376
3256	0.007003
651	0.000106
655	0.000089
652	0.000236
653	0.000150
654	0.000089
661	0.000229
662	0.000306
1961	0.006379
2223	0.006327
4480	0.008946
666	0.000225
639	0.002683
669	0.000020
672	0.000068
4049	0.003036
676	0.000092
678	0.000007
683	0.000027
688	0.000378
689	0.006905
690	0.000830
692	0.000758
693	0.000007
695	0.024333
4639	0.001157
699	0.000847
701	0.001158
703	0.000017
1819	0.001177
708	0.006638
2993	0.006808
709	0.000017
3671	0.001267
711	0.000017
712	0.002256
713	0.000405
716	0.000078
718	0.000078
3808	0.001421
720	0.000078
721	0.000078
2571	0.004764
2591	0.004073
2607	0.003826
2647	0.006279
2797	0.004160
2821	0.003399
2825	0.004935
2856	0.017317
2902	0.007272
3255	0.005975
3609	0.006996
5326	0.002799
6714	0.018823
724	0.000554
726	0.000054
727	0.006111
728	0.000379
729	0.000039
731	0.000039
732	0.000466
1823	0.014917
1865	0.003354
3842	0.010891
4298	0.012316
5064	0.001719
5772	0.005289
6047	0.003361
6280	0.006832
6320	0.007052
6618	0.016018
6700	0.003804
6736	0.009910
6759	0.003000
6772	0.008466
6789	0.010287
6917	0.001878
6924	0.002127
6933	0.001758
7162	0.002405
7186	0.003549
7323	0.001440
7386	0.007504
7391	0.010291
7397	0.001933
7449	0.003129
7517	0.004068
7567	0.001035
7593	0.001791
7658	0.001093
7666	0.002339
7669	0.000968
7673	0.002371
7675	0.003068
7730	0.000959
7778	0.004200
7799	0.000930
7819	0.001327
7874	0.002814
8168	0.006301
8192	0.007359
8204	0.001300
738	0.000852
5301	0.021281
734	0.000039
735	0.000039
4385	0.004861
4386	0.002997
6712	0.004102
7214	0.008766
7691	0.002088
745	0.000061
2116	0.015486
5215	0.009024
7683	0.005693
751	0.000015
754	0.000240
752	0.000015
753	0.000015
755	0.000015
758	0.000124
759	0.012134
4777	0.009570
5673	0.001323
766	0.119493
1971	0.000807
2507	0.019242
2658	0.051695
3000	0.014759
3103	0.013732
3271	0.003237
3319	0.005127
3320	0.011116
3348	0.008441
3381	0.025238
3486	0.006433
3555	0.007901
3616	0.003655
3856	0.004544
4219	0.022124
4500	0.005348
4529	0.006823
4583	0.002223
5033	0.003024
5432	0.005260
5650	0.005273
5837	0.004970
6501	0.012214
7510	0.008083
7879	0.004798
7882	0.008332
8073	0.002882
7378	0.011229
767	0.000173
768	0.000650
770	0.000289
772	0.000359
773	0.000147
774	0.000147
736	0.000360
775	0.000232
776	0.000147
786	0.000142
788	0.021315
2914	0.002515
5709	0.001664
6360	0.005825
780	0.000134
781	0.001141
782	0.000762
783	0.000088
4355	0.011534
5120	0.001323
5470	0.001187
785	0.000088
792	0.000143
7899	0.003131
796	0.000554
799	0.000030
800	0.000070
801	0.000463
804	0.000504
807	0.000005
808	0.000585
811	0.000113
812	0.000362
3875	0.002290
4181	0.005480
814	0.000176
815	0.000087
816	0.003575
819	0.000011
821	0.000011
818	0.000033
3465	0.002091
824	0.000285
1970	0.000366
2638	0.002218
3105	0.000366
3235	0.004349
3822	0.003010
3908	0.000572
4030	0.003601
4678	0.002669
4783	0.001188
5426	0.002238
5740	0.000554
7250	0.000829
8246	0.001026
830	0.000131
832	0.000212
831	0.001187
835	0.000040
841	0.007363
3914	0.003540
842	0.005184
843	0.000180
845	0.000081
847	0.000081
848	0.000953
851	0.000129
854	0.019315
1770	0.001667
2112	0.000504
855	0.000175
4014	0.001629
852	0.006189
2910	0.000157
860	0.000866
862	0.000254
865	0.016286
867	0.000047
869	0.000514
870	0.003720
2990	0.000763
3023	0.000914
874	0.000034
876	0.000084
877	0.000198
879	0.031398
3745	0.002804
4359	0.001395
4550	0.015776
880	0.000017
883	0.000185
886	0.000396
888	0.000007
889	0.000007
890	0.000007
891	0.000007
892	0.000087
469	0.002310
898	0.001831
900	0.000213
1323	0.003143
902	0.000324
2751	0.003115
905	0.000095
909	0.000598
7407	0.000252
7439	0.000788
910	0.000179
911	0.002782
912	0.000652
914	0.001078
923	0.000091
915	0.001497
916	0.000384
917	0.000091
919	0.000091
920	0.001424
921	0.000525
924	0.000091
787	0.002098
927	0.000014
926	0.000378
931	0.000147
940	0.000031
944	0.000596
2083	0.001447
3629	0.004639
5253	0.000273
949	0.001064
950	0.000496
951	0.000027
954	0.003604
957	0.000332
961	0.002362
965	0.000057
962	0.000791
964	0.000307
933	0.002448
969	0.000084
970	0.001228
973	0.000022
3205	0.000125
976	0.000014
980	0.000042
984	0.001711
986	0.016814
988	0.055822
2974	0.006795
3538	0.006702
3809	0.003699
3825	0.000796
5417	0.002550
8122	0.006309
8124	0.003857
8130	0.000972
987	0.000240
990	0.000036
992	0.000050
3888	0.000965
3885	0.010194
996	0.051299
5784	0.004879
998	0.003247
1005	0.001403
6027	0.003029
7436	0.002268
1001	0.000360
1002	0.000360
1003	0.003751
1004	0.001197
1008	0.001282
1011	0.000460
3301	0.006724
1013	0.002713
1016	0.000002
1017	0.000002
1019	0.000002
1009	0.004924
1021	0.000236
1025	0.000236
1027	0.000667
1028	0.001154
1033	0.001089
1037	0.015470
1040	0.000024
1041	0.006494
4127	0.020490
4468	0.007414
5309	0.002313
6311	0.001596
1042	0.006399
1045	0.000208
1046	0.003186
1047	0.000208
1048	0.000426
1050	0.006149
1052	0.000427
1051	0.008612
1058	0.000059
1059	0.000128
1060	0.000334
1063	0.006036
1064	0.002051
1067	0.000237
1065	0.001047
1066	0.000606
1070	0.000032
1071	0.000032
1072	0.000032
872	0.003932
5499	0.003301
6755	0.001175
6769	0.000658
6850	0.003669
1084	0.000637
1078	0.000836
1079	0.000522
1081	0.000407
1082	0.000698
1083	0.000565
1085	0.000562
1086	0.001210
1089	0.001766
1087	0.000555
1088	0.000077
1093	0.000245
1094	0.000245
1095	0.001453
1096	0.000037
3155	0.004636
1098	0.042608
2650	0.004071
2781	0.003216
6568	0.000645
6806	0.001240
7059	0.004669
7060	0.000528
7110	0.001149
7120	0.003526
7201	0.000918
7262	0.002046
7634	0.000990
8002	0.002712
1099	0.001687
1104	0.000037
1105	0.000648
1106	0.000784
1101	0.000037
1107	0.000037
1108	0.000037
1109	0.000037
1110	0.000037
1112	0.000037
1113	0.001433
1102	0.002354
1115	0.000001
1120	0.000144
1126	0.000136
1129	0.008000
1130	0.000003
1132	0.008696
1133	0.056315
2129	0.016479
4047	0.003795
4188	0.000958
4254	0.002197
4311	0.001352
4331	0.003787
4558	0.003080
4620	0.002116
4648	0.002154
4677	0.003202
4946	0.000902
5043	0.001392
5044	0.002383
5635	0.001322
5977	0.002438
6226	0.001669
1134	0.001240
1135	0.016415
1664	0.000592
5141	0.001446
1138	0.000248
1139	0.000100
1142	0.009576
1143	0.001962
1068	0.000080
1145	0.000235
1146	0.000232
1147	0.000601
1148	0.000088
1150	0.003412
1155	0.000033
1158	0.000033
1161	0.000023
2376	0.010755
3266	0.002124
3893	0.004110
6023	0.005923
6164	0.003052
1177	0.000193
1178	0.000193
1179	0.002091
1169	0.005641
1170	0.000207
1180	0.000193
1171	0.000193
1090	0.000266
1172	0.000193
1173	0.000193
1174	0.000193
1175	0.000193
1182	0.000554
1183	0.000711
1176	0.000193
1187	0.000200
1188	0.000097
1189	0.000014
3193	0.002169
1194	0.000050
1195	0.000465
1197	0.000276
1198	0.000971
3138	0.000588
1202	0.010552
1204	0.009183
1205	0.000042
1206	0.000042
1207	0.003617
1208	0.000042
1209	0.000042
1210	0.034191
1212	0.000747
1213	0.000042
1214	0.000125
1215	0.012264
1216	0.000042
1219	0.000029
1223	0.000083
1224	0.000083
1225	0.000083
1226	0.000083
1227	0.000083
1228	0.002692
1229	0.000083
1231	0.000083
1233	0.001684
1235	0.001524
1237	0.000389
1238	0.000083
1242	0.001381
1244	0.000121
1245	0.001020
1246	0.000468
3171	0.001878
1252	0.000246
1254	0.000255
1255	0.000255
1256	0.000255
1257	0.000255
1258	0.000255
1262	0.000063
1264	0.000171
1268	0.000096
1269	0.000096
1271	0.000085
1272	0.000013
1273	0.000013
1274	0.000013
1275	0.000013
1278	0.006474
1276	0.000013
1280	0.000323
1281	0.001355
2956	0.000084
1290	0.002720
1292	0.000959
1293	0.004677
1294	0.000093
1295	0.000093
1298	0.000238
1299	0.000523
1301	0.000182
1302	0.000073
1303	0.000073
1304	0.000073
3461	0.017993
3973	0.011796
4993	0.003330
1306	0.002157
3867	0.001964
1308	0.000155
1309	0.000110
1313	0.000110
1311	0.000115
1312	0.000110
1314	0.000016
1316	0.001609
1317	0.000016
1318	0.000138
3237	0.001321
1320	0.001367
1324	0.000213
1327	0.000064
1328	0.000189
1325	0.000064
1329	0.000387
1331	0.000620
1332	0.000206
1333	0.000367
1334	0.000064
1335	0.007907
1336	0.002378
1337	0.000064
1338	0.000089
1339	0.000435
1340	0.000259
1341	0.000134
1342	0.000249
1343	0.000803
1344	0.000079
1345	0.000064
1346	0.000172
1349	0.000201
1350	0.015254
1351	0.000169
1359	0.001105
1354	0.001442
1355	0.000308
1361	0.000169
1356	0.002305
1362	0.000387
1358	0.003630
1365	0.001087
1366	0.000119
1367	0.009174
1368	0.003563
3785	0.008166
1369	0.000027
1370	0.000027
1373	0.000745
7088	0.005752
1376	0.000022
1379	0.000022
1380	0.007343
1381	0.008407
1383	0.000382
1386	0.006612
1387	0.000033
1388	0.000147
1391	0.000006
1392	0.000056
1395	0.031271
1397	0.000028
1398	0.000028
1399	0.000028
1400	0.000396
1401	0.000251
1404	0.000010
1405	0.000010
1406	0.000022
1408	0.000010
1409	0.000010
1410	0.000010
1421	0.000018
1422	0.000007
1423	0.000659
1424	0.008047
1426	0.000007
1427	0.000109
2679	0.000121
3080	0.002405
1429	0.000782
1430	0.000109
1431	0.000007
1433	0.000121
1434	0.000017
1436	0.000066
1184	0.012492
4809	0.000859
1438	0.000024
1440	0.000238
1443	0.000861
1445	0.000006
1447	0.000327
1448	0.000709
1449	0.000709
1450	0.000709
1451	0.000769
1452	0.000083
1454	0.000021
1455	0.000021
1456	0.000021
1457	0.001340
1458	0.000021
1459	0.000021
1460	0.000021
1461	0.000021
1462	0.008571
1463	0.003488
1466	0.004543
1467	0.000759
1469	0.000717
1470	0.033134
3285	0.002271
5706	0.000764
1581	0.000099
1474	0.000530
1480	0.004620
1481	0.000013
1483	0.006121
1488	0.000714
1494	0.000299
1495	0.001813
4411	0.002692
1499	0.001271
1500	0.012806
1502	0.000122
1503	0.000073
1504	0.000910
1505	0.000607
1511	0.000141
1510	0.001582
1512	0.000009
1515	0.000041
1516	0.000041
1517	0.000041
1519	0.000053
1522	0.024585
4012	0.002123
6462	0.002721
1523	0.000045
1527	0.000176
1526	0.000507
1528	0.000052
1535	0.000176
1536	0.000090
1539	0.000202
1540	0.000046
1541	0.000046
1543	0.000046
1545	0.000046
1546	0.000046
2423	0.000135
5115	0.001723
6059	0.000647
6096	0.001168
1552	0.013976
1553	0.002906
2233	0.005944
3880	0.001046
4009	0.001192
4272	0.001043
5312	0.004838
1551	0.000039
1554	0.001189
1558	0.000013
1559	0.000013
1560	0.000220
3933	0.003673
1568	0.000013
1570	0.000323
1572	0.000017
1574	0.000087
1575	0.000087
1576	0.000012
1578	0.000016
1579	0.000016
1010	0.000616
1582	0.001324
1584	0.000007
1588	0.000114
1589	0.001166
1590	0.000046
1591	0.000046
1594	0.015346
1599	0.000103
1601	0.000305
1602	0.000029
1605	0.000403
1606	0.000328
1607	0.000066
1609	0.000106
1611	0.000151
7042	0.000136
8149	0.000626
8235	0.000226
8148	0.000623
1614	0.013966
1615	0.014911
1616	0.000014
1617	0.000047
1530	0.001524
1620	0.000121
1623	0.006725
1625	0.000131
1627	0.000050
1626	0.000383
1630	0.000349
1631	0.000790
1632	0.000352
1634	0.000009
1635	0.000009
1639	0.006243
1642	0.000038
1643	0.000038
1644	0.010875
1645	0.000089
1650	0.000115
1651	0.000012
1655	0.000016
1656	0.000016
4580	0.000023
1659	0.000023
1660	0.000023
1663	0.000046
1665	0.000027
1666	0.000027
1667	0.006760
8019	0.000327
1668	0.000434
1670	0.003510
1671	0.000029
1647	0.003585
1674	0.001617
1675	0.000229
1676	0.000047
1677	0.000101
4654	0.001547
1681	0.000043
1682	0.000018
1683	0.000012
1685	0.000006
1684	0.001385
1686	0.000051
1690	0.000085
1691	0.008580
1693	0.000592
6723	0.000412
1694	0.000145
1695	0.000145
1696	0.000735
2552	0.002337
1698	0.000145
1699	0.000145
2244	0.000379
1711	0.002077
1703	0.000014
1704	0.000014
1708	0.000014
1709	0.001011
1710	0.000014
1712	0.000709
1713	0.000709
1715	0.000103
1719	0.003157
1720	0.001444
1721	0.000108
1722	0.001382
1724	0.000108
1725	0.000108
1728	0.000027
1731	0.000196
1735	0.000013
1736	0.000054
1737	0.000587
6340	0.000557
1740	0.000054
1738	0.000103
1739	0.000054
1741	0.001126
1742	0.000193
1743	0.000022
1745	0.000022
1748	0.012133
4815	0.002127
8275	0.000446
1753	0.000018
1755	0.000018
1756	0.012660
1760	0.000083
1761	0.000085
1762	0.005305
1763	0.000025
1764	0.000079
1765	0.000163
1766	0.006236
1767	0.019160
2678	0.000088
2798	0.000054
3999	0.001719
1759	0.000440
1773	0.000025
1775	0.000084
1778	0.000502
1782	0.000515
1751	0.009170
1784	0.000056
1785	0.000056
1789	0.001439
1790	0.000160
1795	0.009493
679	0.000225
1796	0.009775
1797	0.000029
5569	0.000962
1800	0.003594
1803	0.003357
1804	0.000033
1806	0.000033
1807	0.001947
2645	0.004079
5271	0.000400
5296	0.003928
1809	0.000045
1810	0.000033
1812	0.000668
1813	0.009629
4552	0.001735
8186	0.000545
5146	0.001922
1820	0.020769
1821	0.001435
3669	0.000174
1822	0.000804
1825	0.000208
1826	0.000208
1827	0.000417
347	0.001107
1828	0.000274
1829	0.000685
1838	0.007860
1830	0.000635
1831	0.000635
1832	0.001143
1834	0.000208
1839	0.000208
1840	0.000586
1841	0.000208
1844	0.000066
1845	0.000066
1846	0.000066
5208	0.002634
7146	0.001325
1852	0.000066
1853	0.000066
1856	0.000012
1860	0.000012
1862	0.000134
1866	0.000011
1867	0.000016
1868	0.003273
1869	0.000795
1870	0.000478
1874	0.002295
1875	0.007385
1871	0.000478
1872	0.001487
1876	0.001141
1873	0.000478
1879	0.001626
1881	0.000068
1882	0.000068
1883	0.000068
1885	0.008959
1886	0.000184
1887	0.000292
1889	0.000024
1891	0.006166
1892	0.000433
1894	0.000024
1895	0.000024
1896	0.008297
1897	0.000268
1899	0.000802
1900	0.000070
1902	0.000013
1905	0.000049
1906	0.000049
1907	0.000049
1909	0.000049
1911	0.000049
1912	0.000325
1913	0.000049
1914	0.000167
1916	0.000094
1917	0.000094
1921	0.000097
1922	0.034259
3201	0.001004
1923	0.000564
1924	0.001324
1925	0.004863
1928	0.001451
1890	0.000378
1926	0.000378
1929	0.000378
1930	0.000378
1931	0.002577
1937	0.003463
1932	0.000378
1933	0.000378
1938	0.000378
1934	0.000378
1939	0.000378
1940	0.000947
1941	0.000037
1943	0.000688
1944	0.000270
1945	0.000111
1946	0.001043
1947	0.002783
4031	0.003460
1948	0.001931
1951	0.005548
1958	0.000082
1959	0.000082
1960	0.000082
1962	0.003453
6621	0.000157
6762	0.000331
1967	0.007250
1968	0.000234
1975	0.000115
1976	0.000674
1978	0.000115
1952	0.000427
1980	0.009006
1981	0.000091
1986	0.001853
1988	0.000341
1989	0.000341
1993	0.001034
1994	0.000679
1995	0.001024
1996	0.000679
1794	0.005542
2000	0.000063
2002	0.000084
2005	0.000010
2008	0.000125
2009	0.013810
2040	0.000125
2010	0.002539
2011	0.000570
2012	0.000508
2013	0.000125
2042	0.000195
2015	0.000125
2017	0.000125
2018	0.000195
2019	0.000125
2020	0.000125
2021	0.000125
2044	0.000195
2023	0.000125
2024	0.000125
2025	0.000125
2026	0.000125
2027	0.000125
2045	0.000125
2029	0.000440
2030	0.000125
2031	0.000125
2032	0.000125
2033	0.005204
2034	0.000125
2035	0.000125
2036	0.000195
2037	0.001333
6111	0.002564
698	0.002296
4216	0.002116
2038	0.000340
2049	0.000831
2050	0.000711
2051	0.000035
2052	0.002475
2054	0.000200
2056	0.000060
2057	0.000060
2058	0.000060
2059	0.000413
2061	0.000547
2063	0.002410
2064	0.000817
2065	0.013679
2068	0.000335
2070	0.000024
2077	0.000085
2081	0.000192
2082	0.000192
2084	0.000334
2086	0.000010
2087	0.000010
2088	0.000221
2089	0.000010
2090	0.000010
2093	0.009317
2096	0.000275
2422	0.000427
2100	0.000005
2099	0.002125
2104	0.000034
2103	0.000137
2105	0.001269
2108	0.001063
2110	0.000668
2111	0.001077
2115	0.002248
2118	0.019972
6321	0.000414
7994	0.000800
8225	0.000411
2125	0.000631
2126	0.000058
2127	0.001231
2130	0.000537
2131	0.000058
2132	0.000058
2133	0.018867
2136	0.000050
2138	0.000107
2139	0.000419
2141	0.000104
2142	0.000243
2143	0.000050
4218	0.002621
2146	0.000050
2147	0.000050
2148	0.000050
2149	0.000175
2150	0.000050
2152	0.000079
2156	0.004890
2155	0.000033
2159	0.002302
2161	0.000207
2164	0.000078
2167	0.000027
2169	0.004822
2170	0.000114
2171	0.003837
2172	0.003909
2173	0.000054
2175	0.000038
2176	0.005145
2177	0.000177
2179	0.000024
2180	0.000024
2183	0.000002
2184	0.000167
2186	0.008932
2187	0.000185
2188	0.000693
2189	0.000185
2190	0.000185
2191	0.000185
2192	0.000332
2194	0.000411
2196	0.000224
2197	0.000314
2198	0.000042
2199	0.000016
2200	0.000193
2201	0.000055
2203	0.000125
2204	0.000125
2212	0.000101
2213	0.000101
2214	0.000364
2215	0.001158
2216	0.000084
2217	0.003127
2218	0.000014
2219	0.000014
2221	0.000075
2222	0.000075
8033	0.000259
2224	0.000603
2226	0.005038
2227	0.000270
2228	0.000027
2230	0.010049
3623	0.000309
2232	0.000778
2235	0.000159
2236	0.016392
2238	0.000026
2239	0.000219
2041	0.001183
2243	0.000042
2249	0.004723
2250	0.000364
2254	0.001616
2255	0.005208
3737	0.000892
2259	0.000182
2260	0.000068
2261	0.000068
2262	0.000068
2153	0.001019
2266	0.000084
2267	0.000214
2268	0.000214
2269	0.000262
2270	0.000214
2274	0.008128
5393	0.002918
7490	0.002369
8175	0.000079
2278	0.000408
2280	0.000004
2282	0.000515
2283	0.000049
2286	0.001645
2287	0.000541
3556	0.004010
6055	0.000120
2288	0.000075
4876	0.000315
2291	0.000032
2292	0.000032
2265	0.000032
2293	0.000249
2295	0.000230
2296	0.000325
3770	0.003802
2298	0.006445
2299	0.012171
2300	0.000024
2301	0.000024
2302	0.000024
2304	0.000000
2305	0.000000
2308	0.000175
2310	0.000175
2311	0.000175
2312	0.000175
2313	0.000175
2314	0.001212
2315	0.000175
2309	0.000619
2316	0.000508
5375	0.002977
2317	0.000498
2318	0.000498
2319	0.000585
2320	0.000498
2321	0.000508
2330	0.000322
1561	0.000093
2331	0.000206
2334	0.000044
2335	0.000044
2336	0.000044
2337	0.000044
2342	0.002040
2343	0.000361
2344	0.000042
2349	0.000470
2351	0.000069
2352	0.000731
2353	0.000069
2272	0.008535
2357	0.002586
2359	0.000213
2360	0.000956
2361	0.000014
2363	0.000265
2365	0.018300
2367	0.001238
2368	0.003170
5231	0.001081
5255	0.002469
5303	0.000414
5467	0.001952
5564	0.001442
5664	0.000471
6041	0.001151
6107	0.000884
6235	0.001584
7928	0.001384
2370	0.000020
2372	0.000647
2374	0.000019
2379	0.009941
2380	0.000249
2382	0.000714
2387	0.011084
5354	0.000707
2388	0.000059
2389	0.000059
2390	0.000084
2392	0.000075
2391	0.000075
2394	0.000075
2395	0.000075
2396	0.000075
2393	0.000272
2399	0.000417
2401	0.000012
2402	0.000046
2403	0.000388
2404	0.000208
2405	0.000208
2406	0.000338
2407	0.001894
2306	0.000517
7304	0.001508
2412	0.000390
2413	0.000577
2414	0.001018
2417	0.000530
2418	0.000051
2113	0.000750
2420	0.000002
2419	0.000000
2424	0.000003
2428	0.000129
2429	0.000309
2427	0.004480
2434	0.000130
2437	0.000189
2373	0.000385
2438	0.000069
2462	0.000483
2463	0.000069
2439	0.000069
2441	0.000069
2442	0.000069
2443	0.000069
2444	0.002478
2445	0.000069
2446	0.000069
2094	0.000069
2447	0.000069
2448	0.000069
2449	0.000069
2450	0.000069
2451	0.000189
2452	0.005814
2453	0.000069
2454	0.000069
2455	0.000069
2465	0.000069
2457	0.000069
2466	0.000069
2458	0.002227
2459	0.000069
2460	0.000069
2461	0.000069
2471	0.000010
2472	0.012423
2473	0.013417
2476	0.005161
2477	0.000008
2478	0.000659
2480	0.001101
2481	0.001346
2482	0.000418
2487	0.001403
2488	0.007135
2489	0.000024
2491	0.000018
2492	0.000018
2493	0.000704
2494	0.000018
2495	0.000018
2496	0.000069
2497	0.009707
2500	0.000083
2502	0.004842
2503	0.000106
8296	0.001530
2505	0.000100
5311	0.001780
2509	0.001656
2512	0.000061
2514	0.000061
2513	0.000061
2515	0.000061
5926	0.000385
6532	0.000597
2518	0.000620
2519	0.000193
2355	0.000193
2520	0.000193
2530	0.000193
2531	0.000667
2521	0.000193
2522	0.000193
2523	0.000784
2534	0.000193
2526	0.000193
2527	0.000618
2528	0.000193
2536	0.000193
2537	0.000193
2538	0.000193
2529	0.000193
2540	0.000193
1181	0.000193
2541	0.008184
2543	0.000138
2498	0.000138
2545	0.000864
2546	0.008619
6435	0.001119
2548	0.003770
2549	0.012679
2551	0.000238
899	0.002052
2555	0.001196
2556	0.000182
2566	0.009804
2557	0.009133
4220	0.003581
2469	0.000528
2567	0.001840
2558	0.000298
2559	0.019820
5406	0.003119
2561	0.000205
2562	0.000660
2563	0.000217
2564	0.014439
4778	0.003841
5364	0.001074
6942	0.002214
7319	0.000732
7362	0.003050
7857	0.000631
7996	0.000730
8068	0.000254
8169	0.002144
2569	0.000836
2572	0.000522
2573	0.000043
2574	0.000468
5713	0.000883
2577	0.000051
2578	0.001862
2581	0.000126
2582	0.000126
2583	0.000551
2584	0.000126
2586	0.000153
4625	0.002085
2596	0.002665
2598	0.001655
2603	0.000051
6080	0.000966
2606	0.000425
2608	0.001814
2609	0.002017
2610	0.000425
2611	0.001128
5387	0.001149
2613	0.009116
2614	0.000657
2615	0.000548
2616	0.000425
5240	0.000712
5533	0.000601
5956	0.000564
6109	0.001298
6279	0.000548
2627	0.000478
2626	0.000990
2630	0.000504
2631	0.000406
2632	0.000406
2633	0.000028
1863	0.000028
2634	0.000028
2635	0.000028
2636	0.000028
2637	0.000028
2639	0.000028
2640	0.000028
2641	0.000028
2642	0.000028
2644	0.000039
2628	0.000304
2648	0.000127
2649	0.000022
6543	0.000753
2656	0.000025
5260	0.001218
8024	0.000792
2659	0.003327
2661	0.000289
2663	0.000312
2664	0.000289
2668	0.000182
2671	0.000011
2673	0.000011
2675	0.000222
2676	0.001388
2677	0.004331
2680	0.000932
2682	0.000119
2683	0.002214
2684	0.000119
2699	0.013430
2701	0.004634
6105	0.003034
2702	0.014069
2703	0.012003
2688	0.099893
5368	0.001091
5514	0.002134
5756	0.002852
2704	0.014344
6078	0.002170
2690	0.005774
2691	0.012519
2692	0.005236
2705	0.000241
2706	0.002756
2694	0.005380
2695	0.001710
2698	0.003837
2709	0.000046
2711	0.004324
2715	0.000304
2716	0.000114
2717	0.000114
2718	0.000114
2719	0.004268
2722	0.000147
2723	0.000147
2725	0.000147
2728	0.000636
2730	0.000458
2731	0.000027
2733	0.001934
2729	0.000027
2734	0.000027
2737	0.003546
2738	0.000802
7423	0.000611
2739	0.000431
2740	0.003887
2741	0.000083
2744	0.004945
2748	0.000042
2749	0.000042
2752	0.002816
2753	0.000123
2755	0.000068
2757	0.000864
2759	0.000081
2761	0.000081
2762	0.001164
2766	0.000033
2767	0.000033
2771	0.000027
2769	0.000027
2772	0.000019
2773	0.000019
2776	0.000035
2778	0.002395
2779	0.000016
2780	0.000296
2782	0.000102
2783	0.000102
2784	0.000102
2786	0.000169
2788	0.000370
2789	0.000342
3036	0.002726
2791	0.004165
2792	0.003178
2793	0.001013
2796	0.000500
2802	0.002062
2803	0.000065
2804	0.004449
2807	0.000796
2808	0.000762
2813	0.000084
2817	0.000021
2823	0.000037
3109	0.002562
2824	0.000037
2826	0.000212
2758	0.000382
2827	0.000212
2832	0.007574
4264	0.000034
2833	0.001248
2835	0.000072
2839	0.000352
2840	0.001760
2845	0.000234
2846	0.000116
2847	0.000116
2848	0.000116
2849	0.000116
2850	0.000116
2852	0.000170
2853	0.000116
2855	0.001359
2857	0.000149
2858	0.000309
4171	0.001807
2860	0.001196
2866	0.000654
2867	0.000382
2861	0.000108
2868	0.000108
2869	0.000108
2862	0.000242
2863	0.000302
2870	0.000108
2864	0.000108
2865	0.000181
2872	0.015322
2875	0.000767
2876	0.000055
2879	0.000049
2881	0.000049
2882	0.000049
2883	0.004446
4068	0.000872
2884	0.000049
2885	0.000481
2467	0.000545
2896	0.000069
2568	0.000269
2886	0.000407
2887	0.000069
2888	0.000069
2464	0.000069
2889	0.004038
2890	0.000069
2891	0.000069
2892	0.000069
2893	0.000069
2894	0.000069
2895	0.000069
2898	0.000418
2901	0.000795
2899	0.000222
2905	0.000846
2903	0.002137
2904	0.004376
2906	0.001013
2907	0.001037
2908	0.001622
2913	0.002394
2916	0.000167
2919	0.000267
2921	0.000028
2924	0.000093
2929	0.000055
2930	0.000055
2931	0.000056
7316	0.000209
2933	0.000456
2935	0.005076
2939	0.001134
2938	0.000100
7254	0.000823
2941	0.002146
2936	0.000705
2944	0.000014
2945	0.000014
2947	0.001803
2948	0.006688
2949	0.000116
2950	0.001082
2952	0.000018
2953	0.002301
2954	0.000018
2957	0.000205
2960	0.000045
2961	0.000045
2962	0.000045
2964	0.017450
2965	0.000075
2967	0.051968
4086	0.000173
4866	0.000839
4934	0.002901
4987	0.003537
4992	0.002173
5694	0.000703
6611	0.001557
7023	0.000936
7734	0.000370
2971	0.000188
2969	0.000722
2970	0.000188
2978	0.002220
2980	0.000092
2982	0.000151
2983	0.002232
2985	0.000363
2986	0.000396
2987	0.002140
2988	0.014871
2989	0.002265
2992	0.000058
2994	0.001972
2995	0.000966
2998	0.000608
3001	0.002109
3008	0.000180
3003	0.000180
3004	0.001082
3006	0.004585
3011	0.000079
3012	0.000047
3013	0.000047
3016	0.000510
3017	0.000594
3019	0.000045
3363	0.000117
3022	0.000045
3025	0.002382
4684	0.000393
4779	0.000512
4887	0.000365
5267	0.000828
5350	0.000494
5442	0.000301
6427	0.000816
6475	0.000315
3031	0.014121
3032	0.042533
3035	0.003908
3037	0.002951
3038	0.000474
3039	0.005826
3040	0.001482
3041	0.003935
3042	0.000474
3043	0.000474
3044	0.001713
3048	0.000071
3049	0.000981
3046	0.001634
3051	0.000037
3052	0.000037
3053	0.003280
3054	0.000037
3055	0.012972
3057	0.010446
3047	0.002364
3060	0.000782
3061	0.000344
3062	0.009667
2976	0.000608
3066	0.000120
3070	0.000162
3071	0.000186
3072	0.007193
7290	0.000629
3074	0.000186
3075	0.000378
3076	0.000186
3077	0.000664
3078	0.000169
3063	0.000110
7735	0.000121
3081	0.005626
3083	0.000504
3085	0.000099
3086	0.001744
3087	0.001519
3088	0.008151
3090	0.002227
6530	0.000647
3091	0.000099
3093	0.000094
3094	0.001095
3097	0.000094
3098	0.008172
3095	0.006519
3096	0.000567
3101	0.000498
3102	0.000050
3107	0.001995
2842	0.033160
3617	0.000206
3108	0.003756
8227	0.000029
3110	0.005981
3111	0.000503
3112	0.000662
3113	0.000662
2003	0.011004
7440	0.000400
3115	0.001414
3118	0.000399
3119	0.000734
3120	0.001160
3123	0.000410
3124	0.000548
3127	0.004445
3701	0.000049
3128	0.000123
3129	0.000548
3131	0.000164
3132	0.000758
3135	0.000164
3133	0.000164
3134	0.000164
3137	0.000689
3143	0.000088
3142	0.005093
3146	0.000293
3147	0.001140
3149	0.000202
3151	0.000204
3152	0.000204
3153	0.000153
3154	0.000153
3156	0.000072
3158	0.000117
3159	0.004973
3160	0.000864
3162	0.000614
3163	0.000117
3165	0.000082
3166	0.000082
3167	0.000082
3169	0.000634
3168	0.018415
3172	0.002030
3174	0.000297
3175	0.007026
3176	0.000968
3181	0.000953
3190	0.003513
3182	0.000449
3183	0.000879
3184	0.000449
3185	0.000864
3186	0.000449
3187	0.000449
3188	0.003990
3189	0.002671
3194	0.000000
3195	0.000000
3196	0.004376
3197	0.000757
3198	0.000209
3199	0.004187
3202	0.002213
3203	0.000048
3204	0.000048
3206	0.000043
3207	0.000043
3208	0.002610
3209	0.009065
3212	0.001869
3213	0.001869
3215	0.001869
3214	0.001869
3216	0.002193
3210	0.002062
3217	0.001869
532	0.001869
3219	0.001869
3220	0.001869
3221	0.001869
1509	0.001869
3211	0.002082
3218	0.001869
3222	0.001869
3223	0.001869
3224	0.001869
3225	0.003669
3226	0.000220
3227	0.004738
3228	0.000220
3229	0.000045
3230	0.000045
3231	0.000045
3232	0.000045
3234	0.000045
3233	0.000544
3239	0.000341
3240	0.000041
3241	0.000041
3242	0.000739
3244	0.000000
3245	0.000000
3246	0.000185
3247	0.000137
3248	0.000119
3249	0.001006
3250	0.001116
3252	0.011584
3257	0.000033
3263	0.000077
3264	0.000077
3259	0.000824
3261	0.000077
3262	0.002269
3267	0.001479
3268	0.000855
212	0.000425
3269	0.001290
3270	0.000903
2624	0.000425
3272	0.000575
3280	0.000786
3281	0.000425
3273	0.000425
3275	0.004851
3277	0.000425
3278	0.000727
3279	0.000596
3288	0.000117
3292	0.001749
3294	0.000170
3296	0.000275
3298	0.000024
3299	0.000024
3300	0.000576
3302	0.000024
3303	0.000024
1529	0.000050
3304	0.007543
3305	0.000556
3311	0.000097
3312	0.000430
3282	0.001988
3314	0.000430
3315	0.003087
3290	0.009811
3318	0.000430
3316	0.001287
3317	0.005360
3322	0.000087
3323	0.000410
3325	0.001709
3326	0.004167
3335	0.000150
3331	0.000150
3332	0.000150
3333	0.004167
3339	0.000337
3340	0.001536
3341	0.000337
3342	0.000337
3343	0.003603
3344	0.000337
3345	0.007315
3349	0.001612
3350	0.013032
3353	0.000178
3354	0.002032
3355	0.000087
3360	0.000048
3356	0.000048
3357	0.000231
3358	0.000048
3359	0.000048
3306	0.001356
3361	0.000105
3362	0.000048
3368	0.000027
3369	0.000027
3370	0.000027
3366	0.009026
3367	0.000099
3373	0.003672
3374	0.000668
3375	0.007950
3377	0.000955
3378	0.009048
3379	0.004802
3380	0.011300
3382	0.000195
3383	0.000553
3384	0.000972
3385	0.000195
3388	0.004790
3389	0.000495
3391	0.001324
3392	0.006477
5882	0.000306
3395	0.000058
3396	0.000222
3397	0.000719
3398	0.000058
3399	0.000396
3400	0.000058
3401	0.000058
3403	0.000748
3402	0.022614
3592	0.000002
6307	0.000470
8263	0.000450
3405	0.000212
3390	0.007459
5388	0.000276
3407	0.000212
3406	0.000522
3411	0.000252
3412	0.000252
3422	0.001199
3423	0.000323
3416	0.000323
3424	0.000323
3425	0.000333
3418	0.000323
3426	0.000323
3434	0.000056
3436	0.000251
3437	0.000251
3440	0.000251
3441	0.000451
3438	0.000251
3444	0.000654
3445	0.006887
6225	0.000908
6724	0.001284
6920	0.000676
7222	0.000667
3448	0.000606
3449	0.051292
3450	0.006040
3451	0.012862
4880	0.000080
5306	0.000329
5471	0.000143
6054	0.000373
6826	0.000082
3457	0.026340
5363	0.000602
3462	0.010514
3466	0.003820
3467	0.000260
3468	0.000679
3469	0.007579
3470	0.007895
3472	0.004025
3471	0.000378
3475	0.000780
3481	0.004033
3482	0.005887
3477	0.012084
3478	0.005875
3487	0.000223
3488	0.003297
3492	0.000641
3493	0.000323
3490	0.000444
3494	0.000323
3495	0.000508
3427	0.000323
3496	0.003754
3491	0.000498
2524	0.001979
3497	0.000323
3499	0.000537
3500	0.000323
3504	0.000548
3509	0.000180
3510	0.000315
3515	0.000427
3511	0.000315
3512	0.002037
3513	0.001515
3514	0.000315
3518	0.002680
3519	0.018008
3521	0.007966
3522	0.009722
3523	0.006276
3524	0.000053
3525	0.003176
3526	0.001150
3527	0.011184
3386	0.005753
3530	0.001169
3531	0.000075
3532	0.000656
3535	0.000614
3536	0.001551
3539	0.000804
3540	0.001147
3542	0.001155
3543	0.001185
3508	0.004716
3544	0.001541
3545	0.000720
3550	0.000218
3551	0.000218
3552	0.000218
3553	0.001833
3558	0.000068
3560	0.002651
4481	0.000080
3561	0.000688
3563	0.000392
3564	0.000567
3565	0.000295
3566	0.000295
4265	0.001459
6162	0.002228
3569	0.008743
3577	0.000403
3579	0.000164
3578	0.000038
3708	0.000001
7708	0.000087
3581	0.000087
3582	0.000087
3583	0.001026
3584	0.000087
3585	0.000183
6680	0.000083
3589	0.001113
3528	0.003745
3591	0.003505
3590	0.000014
3593	0.005532
3594	0.000160
3598	0.001558
3595	0.000153
3599	0.000102
3600	0.004197
3601	0.010925
3596	0.000102
3597	0.003645
3602	0.001525
3603	0.005072
3605	0.000332
3606	0.000332
3610	0.002001
3611	0.006176
3613	0.000022
3618	0.000391
3619	0.000391
3620	0.000150
3621	0.000150
3622	0.004461
3624	0.018769
3625	0.000700
3604	0.000097
3628	0.000023
3630	0.009822
3632	0.000332
3633	0.008531
3636	0.001827
3637	0.001293
3638	0.000332
3639	0.002491
3640	0.000332
3641	0.040691
3642	0.041119
6721	0.000529
3649	0.000332
3647	0.002481
3651	0.000052
3652	0.000052
3654	0.000196
3653	0.001022
3655	0.001875
3656	0.001042
3657	0.000826
3658	0.009800
3659	0.007482
3662	0.001212
3663	0.000070
3665	0.002718
3666	0.026618
3667	0.001278
3668	0.000002
3673	0.001002
3674	0.000420
3675	0.000372
3676	0.000372
3677	0.000661
3678	0.002485
3682	0.012987
3683	0.001509
3684	0.000449
3685	0.002319
3686	0.000686
3692	0.002397
3687	0.000449
3688	0.001607
3689	0.000519
3690	0.000449
3832	0.000263
5481	0.000434
7387	0.000697
3693	0.000449
3694	0.000449
3695	0.000449
3696	0.000449
3697	0.000449
3698	0.000449
3700	0.000280
3702	0.000068
3703	0.000068
3704	0.000068
3705	0.000608
3706	0.000068
3707	0.000068
3709	0.001531
2067	0.000398
3711	0.000082
3712	0.000082
3714	0.003818
3715	0.000471
3718	0.000462
3719	0.003951
3723	0.002371
3722	0.000732
3733	0.000714
3571	0.009270
3725	0.001382
3727	0.000714
3728	0.015931
3729	0.003909
3735	0.001280
3730	0.000714
3731	0.002063
3742	0.000291
3743	0.002379
5133	0.000342
3744	0.000265
3746	0.000175
3747	0.000359
3749	0.001524
3750	0.000312
3751	0.003042
3753	0.000175
3754	0.001379
3679	0.000516
3757	0.000465
3758	0.000465
3759	0.000465
3760	0.000465
3761	0.000610
3762	0.001075
3763	0.001007
3764	0.001471
3765	0.000169
3766	0.001869
3767	0.003157
3771	0.000804
3774	0.000007
3775	0.001300
3777	0.001965
4413	0.000007
3779	0.000388
3780	0.000411
3781	0.000272
3782	0.001084
3784	0.000272
3783	0.000272
3786	0.017452
5778	0.000487
2975	0.000221
3791	0.000023
3797	0.000435
3795	0.000007
3794	0.012593
3798	0.004726
3799	0.001012
3801	0.000131
3802	0.001415
3805	0.000094
3810	0.000010
3814	0.008553
3815	0.002757
3817	0.000152
3823	0.000358
3824	0.000198
3827	0.000161
3829	0.000194
3821	0.000332
3833	0.000398
3834	0.000111
3836	0.000111
3837	0.000111
3841	0.000074
3839	0.001152
3840	0.000074
3844	0.000037
3845	0.001862
3848	0.000003
3850	0.000447
3851	0.000522
3855	0.001814
3858	0.000023
3862	0.000179
3863	0.001204
3864	0.000023
3865	0.000368
3869	0.002489
3870	0.000079
3872	0.003872
8038	0.000288
3648	0.002012
3876	0.000970
3878	0.000662
3877	0.002850
3881	0.000586
3882	0.000240
3883	0.000203
3886	0.000065
3889	0.000136
3890	0.000233
3891	0.000130
3894	0.000018
3895	0.000071
3896	0.000071
3900	0.000306
3901	0.000139
3902	0.007109
3904	0.000060
3905	0.000184
3906	0.000060
3907	0.000060
3909	0.000104
5588	0.000205
3916	0.007120
3917	0.008227
3918	0.000794
3920	0.002061
3923	0.000083
3924	0.000486
3925	0.001207
3927	0.000103
3928	0.000528
3929	0.000126
3930	0.001643
3931	0.000103
3932	0.000314
3935	0.000128
3936	0.000128
3941	0.000010
3943	0.000177
3944	0.000177
3947	0.000695
3945	0.000248
3948	0.006373
3952	0.000252
3953	0.000252
3954	0.000566
3955	0.000399
3959	0.000484
3960	0.006293
3961	0.003725
4886	0.000157
3964	0.000314
3965	0.015182
3963	0.000314
3966	0.000042
3957	0.000175
3968	0.000175
7062	0.000555
4966	0.004959
6257	0.000164
6278	0.000697
3977	0.004847
3978	0.000338
3979	0.000621
3981	0.000145
3987	0.000145
3982	0.005424
3989	0.000398
3983	0.000378
3984	0.000263
3990	0.000145
3985	0.006363
3986	0.000145
3991	0.001307
3992	0.000644
3997	0.000352
3998	0.000366
4000	0.000852
4001	0.006614
4005	0.000333
4006	0.000370
4007	0.003718
4008	0.001877
4010	0.000189
4016	0.000259
4015	0.000848
4019	0.000328
4020	0.001897
4023	0.000206
4025	0.000323
4026	0.000357
4027	0.000849
4028	0.000323
4034	0.000528
4035	0.000011
4036	0.019909
4038	0.000246
6709	0.000862
4039	0.001640
4042	0.005865
7149	0.000577
4991	0.000101
4045	0.039445
4521	0.000238
4046	0.008949
7257	0.000535
4048	0.000028
4050	0.000082
4053	0.000183
4056	0.004037
4057	0.000024
4059	0.000966
4061	0.000156
4062	0.000941
4063	0.007458
4077	0.017773
4064	0.000156
4066	0.002077
4067	0.000156
4069	0.000156
4079	0.000580
4070	0.011470
4073	0.021103
5274	0.000751
4074	0.007412
4075	0.000156
4080	0.000094
4083	0.000206
4082	0.002370
4085	0.000000
4089	0.000201
4090	0.000102
4091	0.000102
4092	0.000102
4095	0.000440
4096	0.000366
4097	0.000366
4100	0.000366
4108	0.000073
4104	0.000308
4105	0.000073
4109	0.000073
4106	0.000073
4107	0.000073
4116	0.001695
4119	0.000789
4120	0.000892
4121	0.000663
4076	0.015666
6858	0.000112
4122	0.000425
4123	0.005729
4125	0.000534
4126	0.000454
4128	0.002394
4237	0.000055
4129	0.000429
4130	0.000460
4131	0.000425
4132	0.000425
4133	0.000615
4135	0.000568
4136	0.006723
4137	0.002749
4139	0.000425
4140	0.001328
4141	0.002124
4142	0.007928
4143	0.000425
4144	0.013334
4145	0.000439
4146	0.000425
4147	0.000604
4148	0.001154
4149	0.000800
4150	0.002546
4151	0.017420
4152	0.010450
4153	0.000425
4154	0.000425
4159	0.000378
4163	0.000209
4164	0.000148
4165	0.000108
4166	0.000108
4155	0.001340
4167	0.000000
4168	0.000000
4169	0.002965
4170	0.000022
4174	0.000189
4176	0.000189
4177	0.000189
4178	0.000892
4180	0.000126
3819	0.002226
4184	0.000327
4185	0.000327
4186	0.001325
4187	0.001339
4190	0.000877
4194	0.000321
4192	0.001007
4195	0.000129
4197	0.001602
4198	0.000066
4200	0.000869
4207	0.000258
4208	0.001087
4202	0.000258
4203	0.000258
4204	0.000270
3995	0.009483
4209	0.000258
4205	0.001000
4210	0.000258
4206	0.000258
5362	0.000102
4215	0.000928
4213	0.001479
4214	0.002981
4217	0.000005
4222	0.009311
4223	0.002435
4224	0.003962
4221	0.008514
4225	0.001403
4228	0.000992
4232	0.000247
4093	0.000021
4236	0.000001
4238	0.000240
4240	0.000829
4243	0.000829
4244	0.000829
4241	0.000829
4242	0.000829
4245	0.000943
4246	0.000829
4248	0.000205
4249	0.000145
4250	0.000471
4251	0.000145
4252	0.001194
4229	0.000453
4255	0.001557
4257	0.000136
4259	0.000058
4260	0.000058
4267	0.000027
4275	0.001081
4273	0.004924
7315	0.000835
213	0.000844
4277	0.000844
4274	0.000844
4278	0.000844
4279	0.000844
4280	0.000844
4282	0.000855
4283	0.000178
4284	0.000178
4285	0.000348
4291	0.000309
4292	0.002611
4295	0.002616
4296	0.000038
4304	0.000150
4305	0.000150
4308	0.001556
4306	0.000150
4307	0.000376
4312	0.002032
4313	0.001708
4314	0.001913
4316	0.003316
4317	0.001305
4318	0.002011
4319	0.002600
4320	0.001144
4321	0.001094
4324	0.001252
4325	0.000377
4326	0.000884
4327	0.000212
4328	0.000178
4329	0.003440
4333	0.001259
4334	0.000688
4336	0.000688
4337	0.000688
4345	0.000125
4346	0.000102
4340	0.000102
4342	0.000852
4343	0.002753
4347	0.002832
7952	0.000430
8090	0.000580
4344	0.000241
4348	0.000102
4352	0.000492
4353	0.012540
4354	0.001784
4357	0.000138
4358	0.000181
4360	0.000045
4364	0.006221
4362	0.000045
4363	0.005545
4366	0.000390
2028	0.000270
4368	0.000012
4369	0.000544
4371	0.001138
4370	0.000012
4372	0.000012
4375	0.000961
4377	0.001621
4378	0.000127
4383	0.000203
4379	0.001304
4380	0.000127
4381	0.000127
4382	0.000127
4393	0.000014
4394	0.000014
4399	0.000014
4322	0.000014
4395	0.000071
4396	0.000014
4397	0.000014
4398	0.000831
4404	0.000124
4408	0.000287
4405	0.000287
4414	0.000050
4415	0.004660
4416	0.002254
4423	0.000072
4425	0.000302
4426	0.001038
4427	0.000584
4428	0.001807
4429	0.002270
4430	0.001244
4431	0.001091
4433	0.003894
4434	0.000612
4436	0.000619
4437	0.009501
4438	0.001856
4439	0.000584
4440	0.001656
4442	0.002791
4443	0.001388
4444	0.000584
4445	0.000584
4446	0.000734
4447	0.002371
4449	0.000038
4451	0.000617
4452	0.000038
4450	0.000038
4454	0.000280
4455	0.002382
4539	0.000003
4456	0.002617
4457	0.000280
4458	0.000200
4459	0.000792
4460	0.000307
4461	0.000213
2047	0.000179
4462	0.000179
4464	0.000034
4465	0.000307
4467	0.000097
4469	0.000219
4470	0.000115
4473	0.000011
4474	0.000091
4477	0.000062
4476	0.001202
8139	0.000195
4478	0.000011
4475	0.000011
4479	0.000011
7292	0.000192
4493	0.000634
4486	0.003193
5726	0.000005
4494	0.000634
4495	0.000634
5955	0.000610
4489	0.004796
4490	0.000634
4496	0.002946
4491	0.000634
4497	0.000634
4504	0.000229
4502	0.000089
4503	0.000075
4492	0.000160
4508	0.000093
4509	0.001198
4511	0.002253
4498	0.000164
4516	0.000034
4523	0.000023
4524	0.001658
4526	0.000199
4533	0.000159
4535	0.001018
4538	0.000291
4540	0.000000
4541	0.000000
4542	0.000537
4544	0.000006
7434	0.000405
4543	0.000739
4545	0.000329
5434	0.000319
5570	0.000199
4553	0.000263
4554	0.000106
4555	0.000106
4556	0.000106
4560	0.000332
4563	0.001383
4564	0.008047
4565	0.000416
4566	0.000369
4567	0.000977
4568	0.000197
4569	0.000272
4575	0.000379
4576	0.002178
4577	0.000305
4581	0.000496
4582	0.001280
4586	0.001398
4592	0.000342
4593	0.000061
4594	0.000327
4595	0.000417
4596	0.000327
4597	0.000327
4598	0.008492
4599	0.000190
4602	0.000235
4601	0.000162
4603	0.000006
4608	0.000036
4607	0.000036
4609	0.000190
2841	0.000353
4611	0.000353
4612	0.000084
4615	0.000437
4616	0.001531
4617	0.000437
4618	0.000655
4619	0.000013
4622	0.000155
4623	0.000224
4624	0.000272
4629	0.000155
4626	0.001070
4627	0.000155
4630	0.001445
4487	0.004979
4633	0.000909
4636	0.000011
4638	0.000022
4640	0.000189
4641	0.000065
4644	0.000099
4649	0.000018
4651	0.000169
4652	0.000924
4655	0.000201
4635	0.000021
4659	0.002264
4660	0.000121
4663	0.002130
4664	0.002038
4647	0.003591
4665	0.001354
8043	0.000312
4672	0.000120
4667	0.000097
4673	0.015267
4668	0.000097
4669	0.001011
4670	0.000097
4671	0.001186
4674	0.000199
4681	0.001873
4683	0.000095
4682	0.002343
4686	0.008581
4688	0.009756
4693	0.000376
4692	0.000051
4694	0.000051
4695	0.000051
4696	0.000051
4697	0.000051
4698	0.000051
4699	0.000051
4700	0.000051
4701	0.000051
4702	0.000051
4703	0.000051
4704	0.000051
4705	0.000142
4707	0.000051
4708	0.000051
4710	0.000723
4711	0.000051
4714	0.000700
4716	0.000031
2621	0.001000
4718	0.004585
4721	0.000904
4720	0.000780
4723	0.000333
4725	0.003568
4726	0.001539
4727	0.000002
4733	0.000640
4736	0.000160
4675	0.000160
4742	0.000230
4737	0.000359
5838	0.000190
4738	0.000160
4739	0.001746
4743	0.000184
4745	0.000908
4740	0.000160
4744	0.000495
4746	0.001757
4741	0.000459
4749	0.000184
4750	0.000137
4751	0.000205
4754	0.000033
4752	0.000033
4753	0.000033
4755	0.000048
4756	0.004774
4757	0.000658
4759	0.000089
4760	0.000523
4761	0.000070
4762	0.000070
4763	0.000070
4765	0.000355
4771	0.000145
4766	0.000070
4773	0.000030
4774	0.001399
4782	0.000081
4785	0.000045
4787	0.000045
4788	0.001379
4789	0.000084
4790	0.000045
7909	0.000091
4793	0.000148
4794	0.000045
4799	0.000125
4800	0.000414
4803	0.000049
4804	0.000049
4805	0.000070
4806	0.000049
4807	0.000049
4810	0.000081
4813	0.008367
4816	0.000070
4817	0.000070
4818	0.006642
4819	0.000046
4821	0.000596
4823	0.000104
5310	0.000113
4825	0.000125
4826	0.000028
4829	0.009849
6856	0.000031
4830	0.000006
4832	0.002103
4857	0.001869
4833	0.002610
4834	0.001869
4835	0.001869
4836	0.001869
4837	0.002339
4838	0.001979
4839	0.001869
4840	0.002468
4858	0.001869
4841	0.001869
4842	0.002143
4843	0.006540
4844	0.001979
4859	0.006733
4860	0.001893
4845	0.001869
4847	0.001869
4848	0.001869
4849	0.001979
4850	0.002253
4861	0.001869
4862	0.002642
4851	0.002029
4852	0.002390
4863	0.001869
4853	0.002610
4854	0.001979
4855	0.001959
4856	0.001937
4867	0.000023
4868	0.000023
4873	0.000023
4801	0.000023
4871	0.000023
4869	0.000023
4874	0.000311
4870	0.000054
4872	0.000023
7557	0.001269
4881	0.000416
4882	0.000331
4883	0.000354
4885	0.000660
4889	0.000249
4890	0.000091
4891	0.001050
4893	0.000651
4894	0.007498
6088	0.000053
4898	0.000723
4900	0.000067
4901	0.000237
4903	0.000865
4904	0.000865
4905	0.000118
4923	0.000337
4906	0.000865
4908	0.000118
4924	0.001102
4909	0.000156
4910	0.000238
4911	0.000118
4912	0.000865
4913	0.000118
4914	0.000865
4915	0.000552
4916	0.000118
4917	0.000118
4918	0.000118
4925	0.000241
4919	0.000118
4920	0.000144
4926	0.000481
4921	0.000118
4922	0.000865
4931	0.000118
4932	0.000407
4933	0.000887
8028	0.000068
4935	0.000334
4936	0.000342
4937	0.002548
4943	0.004035
4945	0.000083
4947	0.001308
4948	0.027199
4950	0.000032
4951	0.000032
4952	0.000157
4957	0.000192
4960	0.001386
4963	0.000785
7204	0.000736
7243	0.000884
4965	0.000071
4967	0.044522
5880	0.000142
6661	0.000231
6950	0.000262
4969	0.000063
4970	0.001111
4971	0.000063
4972	0.000077
4973	0.001297
4974	0.006749
7642	0.001225
4975	0.000215
4976	0.004509
2346	0.000146
4978	0.000161
4979	0.000161
4982	0.008703
4985	0.000066
4988	0.004962
4989	0.000897
4995	0.000688
4996	0.000688
4864	0.000886
5000	0.000075
5001	0.000075
5003	0.000603
5005	0.000550
4897	0.000094
5006	0.005074
5008	0.004419
5009	0.002492
5010	0.000609
5011	0.003002
5013	0.000907
5016	0.001006
5017	0.002251
5018	0.000054
5019	0.000153
5024	0.000170
5029	0.006043
5031	0.000034
5032	0.000124
5035	0.000169
5036	0.000659
5038	0.000556
5039	0.000687
5040	0.000308
5046	0.001103
5047	0.000415
5048	0.001895
5051	0.000896
5052	0.000037
5053	0.005990
5054	0.000074
5057	0.000010
5059	0.001518
7318	0.000197
5060	0.000400
5062	0.000052
5063	0.000052
5065	0.000024
5069	0.001135
5067	0.000134
5068	0.001851
5071	0.000276
5077	0.000093
5078	0.000177
5145	0.000049
6778	0.000057
8277	0.000363
5080	0.000165
5081	0.001996
5084	0.000048
5085	0.000236
5086	0.000032
5087	0.000032
5088	0.000032
5089	0.001983
5090	0.000089
5091	0.000032
5095	0.000507
5097	0.000228
5099	0.003341
5098	0.000293
7297	0.000034
7365	0.000295
5102	0.006252
6681	0.000015
5104	0.000173
5105	0.000034
5109	0.000114
5111	0.000891
5110	0.015914
5112	0.000114
5114	0.000306
5665	0.000179
5116	0.000179
5117	0.000530
5118	0.002389
5119	0.004060
5122	0.000069
5127	0.000069
5128	0.000069
5129	0.000069
5124	0.000069
5125	0.005376
5050	0.002430
5126	0.000427
5135	0.000350
5136	0.000136
5138	0.000007
5139	0.001345
5142	0.000604
5150	0.002957
5151	0.000660
5152	0.000487
5153	0.000427
5154	0.000395
5158	0.000325
5159	0.000325
5160	0.001345
5161	0.000325
5167	0.000325
5163	0.000325
5164	0.000349
5166	0.009175
5171	0.010276
5172	0.005190
5173	0.012600
5174	0.002813
5175	0.007211
5177	0.013924
7653	0.001413
5180	0.005570
5181	0.006184
5183	0.000265
5184	0.010694
5185	0.024119
5186	0.000278
5187	0.003264
5754	0.000343
7498	0.000900
7913	0.000364
5190	0.012006
5191	0.001609
5192	0.000265
5194	0.001442
5195	0.000704
5196	0.004134
5197	0.000494
5198	0.001754
5201	0.001566
7520	0.000492
5202	0.000107
5203	0.002743
5207	0.001977
5209	0.000194
5213	0.000138
5214	0.000138
5216	0.000007
5217	0.004018
5218	0.000066
5219	0.000066
5220	0.000066
5221	0.000066
5224	0.000003
8058	0.000207
5227	0.000003
5228	0.000003
5225	0.000003
5229	0.000003
5230	0.000003
5232	0.000451
5238	0.000488
5242	0.000061
5244	0.000061
5241	0.000077
5243	0.002123
5250	0.003709
5247	0.000269
5248	0.000285
5249	0.000242
5252	0.000003
5251	0.000003
5261	0.000355
4407	0.000287
5265	0.000287
5275	0.000268
5276	0.001095
5277	0.000074
5278	0.000074
5280	0.000130
5281	0.000130
5282	0.000699
5283	0.000868
5287	0.000130
5284	0.000700
5286	0.000586
5290	0.000064
5291	0.000064
5294	0.000028
5299	0.000041
5300	0.000041
5313	0.002739
5314	0.000051
5315	0.000051
5316	0.005189
5317	0.003415
5320	0.001124
5322	0.000070
5324	0.001612
5328	0.000069
5329	0.000086
5330	0.000069
5333	0.000196
5332	0.000828
5334	0.000659
5336	0.000608
5339	0.002896
5337	0.000015
5342	0.005125
5343	0.000247
5344	0.000634
5345	0.000164
5346	0.000164
5347	0.000464
5348	0.000164
5352	0.000942
5353	0.000095
5355	0.000001
4591	0.001350
5356	0.000084
5357	0.000084
5358	0.000084
5264	0.000672
5360	0.003568
5361	0.000501
5365	0.000129
5366	0.000168
5367	0.000129
5370	0.000010
5371	0.000010
5372	0.000010
5373	0.000010
5374	0.000010
5376	0.000102
5377	0.000102
5380	0.000167
5381	0.000337
5382	0.003293
5385	0.000098
5386	0.000279
5390	0.000368
5391	0.010318
5395	0.000020
5397	0.000570
5398	0.000683
5405	0.001378
5399	0.003482
5400	0.000796
5401	0.000722
5413	0.000000
5414	0.000000
5416	0.000029
5418	0.000300
5424	0.000777
5419	0.001327
5422	0.000300
5427	0.006511
5428	0.001724
5429	0.000063
5431	0.000211
5435	0.000179
5436	0.000138
5438	0.000138
5440	0.000152
5643	0.000575
7359	0.000505
5446	0.002190
5447	0.000106
5448	0.000329
5456	0.001373
5455	0.003575
5460	0.000087
5461	0.000087
5468	0.002051
5472	0.001902
5473	0.000078
5474	0.001714
5475	0.000204
5476	0.000177
5477	0.000081
5478	0.001718
5480	0.000576
5483	0.000110
5485	0.003586
5486	0.000110
5488	0.000110
5489	0.000844
5490	0.000110
5491	0.000110
5494	0.000090
5495	0.000977
5496	0.000090
5462	0.002778
5497	0.000090
5501	0.000130
5504	0.000372
5505	0.000067
5507	0.000010
5508	0.000010
5510	0.000013
5512	0.000554
5515	0.002677
5516	0.000904
5517	0.000688
5518	0.000688
5519	0.000688
5520	0.001140
5521	0.001877
5522	0.000688
5523	0.000688
7740	0.001127
5525	0.000688
5526	0.002876
5530	0.000688
5531	0.032253
5528	0.001196
5532	0.005739
5534	0.002675
5535	0.000120
5536	0.000559
5537	0.000120
5193	0.003008
5540	0.000112
5541	0.000030
5542	0.000541
5544	0.000596
5548	0.000287
5549	0.001319
5550	0.002009
5551	0.000582
5554	0.000287
5552	0.001199
5553	0.006032
5555	0.000287
5558	0.000048
5561	0.000048
5562	0.001648
5565	0.000443
5566	0.000063
5567	0.000032
5571	0.000097
5572	0.000097
5573	0.000097
5577	0.001491
5576	0.000050
5578	0.000015
5579	0.000194
5580	0.000036
5581	0.000179
5583	0.000179
5587	0.000001
5589	0.001816
5591	0.007636
5594	0.000114
5595	0.000114
5598	0.000829
5599	0.000829
5600	0.002290
5601	0.001568
5602	0.000829
5603	0.000921
5604	0.001093
5606	0.003605
5607	0.000739
5608	0.002441
5612	0.010960
5609	0.000739
5610	0.001486
5611	0.000739
5613	0.000739
5615	0.000927
5616	0.003386
5617	0.003849
5622	0.000020
5396	0.001133
5627	0.000088
5782	0.000034
5625	0.000052
5628	0.000052
5629	0.000052
5633	0.000059
5644	0.003258
5636	0.000011
5645	0.000011
5646	0.000089
5648	0.000038
5649	0.000103
5652	0.000056
5653	0.000056
7246	0.000810
7273	0.000037
7534	0.000059
5656	0.000497
5657	0.000809
5658	0.001148
5659	0.000332
5660	0.000366
5661	0.000535
5662	0.000126
5668	0.000652
5647	0.001500
5666	0.001746
5667	0.000438
5669	0.000334
5670	0.000915
5674	0.000062
5675	0.001180
5676	0.000027
5678	0.000000
5679	0.000000
5682	0.000065
5686	0.000761
5685	0.000581
5687	0.000581
5688	0.000581
5689	0.000026
5690	0.000026
5691	0.005501
5692	0.002127
5695	0.000353
5698	0.000353
5696	0.007773
5702	0.001192
5703	0.000025
5704	0.000566
5708	0.002042
5707	0.000406
5710	0.000038
5711	0.000038
5712	0.000038
5717	0.000251
5718	0.000290
5720	0.000261
5722	0.000270
5729	0.000029
5730	0.000029
5731	0.000036
5733	0.000164
5735	0.000035
5741	0.002406
4418	0.000011
5744	0.000011
5746	0.000108
5750	0.000950
5747	0.000142
5748	0.000108
5749	0.000228
5751	0.000331
5752	0.000331
5755	0.000020
5761	0.000706
5763	0.000252
5764	0.000099
5765	0.000099
5766	0.000000
5767	0.000000
5768	0.001602
5769	0.000484
5770	0.000270
5771	0.001048
5774	0.000021
5781	0.000073
5783	0.003470
5785	0.000068
5786	0.000054
5787	0.005674
5788	0.000479
5789	0.000069
5794	0.000002
5796	0.031434
5797	0.000465
7583	0.000301
8271	0.000200
5803	0.000325
6756	0.000118
7533	0.000340
5805	0.002214
5808	0.004737
5810	0.005576
5813	0.000216
6987	0.000143
7508	0.000288
5815	0.000830
6871	0.000004
5816	0.010208
5820	0.001632
5821	0.003720
7690	0.000122
5823	0.001402
5833	0.000013
5834	0.000752
5842	0.000040
5840	0.000040
5841	0.000040
5836	0.001830
5846	0.000079
5852	0.000019
5853	0.000019
5854	0.000019
3788	0.000312
5855	0.002008
5856	0.000154
5857	0.014790
5859	0.000703
5861	0.000220
5862	0.005775
5864	0.000024
5866	0.000024
5868	0.000342
7506	0.000024
5873	0.000655
5874	0.000203
5875	0.000203
5876	0.000203
5877	0.000967
5878	0.000203
5883	0.000133
5884	0.000272
5885	0.000094
5888	0.000030
5889	0.000030
5890	0.000898
5590	0.001148
5892	0.000242
5895	0.000133
5896	0.000450
5899	0.000342
5070	0.000294
5903	0.000222
4767	0.002773
5907	0.000305
5911	0.000346
5908	0.002610
5909	0.000346
5913	0.001109
5915	0.004517
5916	0.001191
4927	0.000102
5914	0.000120
5917	0.000102
5919	0.000234
5920	0.000691
5921	0.000516
5923	0.000254
5924	0.000116
5927	0.000689
5930	0.000576
5934	0.003511
5935	0.001808
5937	0.000374
5938	0.000538
5942	0.000622
5939	0.000562
5940	0.002155
5941	0.000374
5944	0.000085
5945	0.000927
5946	0.000156
5952	0.000768
5962	0.000025
5964	0.000013
5958	0.000188
5966	0.000405
5959	0.000013
5960	0.000210
5093	0.000013
5961	0.002001
5970	0.000000
5971	0.000000
5981	0.001260
5982	0.000222
5983	0.000083
5984	0.002539
5985	0.000083
5986	0.000083
5987	0.000083
5988	0.000290
5989	0.000083
5990	0.000083
5992	0.000057
5993	0.000922
5997	0.000163
6791	0.000002
5967	0.000163
5999	0.002664
8276	0.000407
6005	0.000106
6003	0.000106
6641	0.000183
6007	0.001159
6013	0.000608
4409	0.000989
6014	0.000169
6015	0.000608
6016	0.001420
6017	0.000240
6018	0.000169
6019	0.000169
6020	0.003745
6024	0.003552
6022	0.000027
6002	0.000000
6025	0.000000
6026	0.000268
6028	0.000452
6030	0.000104
6031	0.000128
5978	0.000104
6033	0.000104
6034	0.000104
6036	0.000104
6037	0.000104
6035	0.000104
6038	0.000807
6039	0.000048
6042	0.000159
6045	0.001395
6046	0.001032
6048	0.000917
6049	0.001167
6050	0.000917
6051	0.000917
6052	0.000917
6053	0.000917
6056	0.000002
6057	0.000002
6058	0.000002
6060	0.000149
6061	0.000149
6062	0.000174
6063	0.000149
6064	0.000331
6066	0.000853
6070	0.001058
6071	0.000956
6072	0.004545
6067	0.000853
6068	0.004450
6069	0.001138
6073	0.000105
6074	0.000105
6075	0.002452
6077	0.000018
6079	0.000002
6081	0.000177
6082	0.002157
6089	0.000000
6090	0.000000
6091	0.000179
6092	0.000179
6093	0.000530
6100	0.000000
6101	0.000000
6108	0.000125
6116	0.000088
6112	0.000023
6113	0.000023
6114	0.000132
6118	0.000160
6119	0.000218
6120	0.000066
6121	0.000209
6126	0.001248
6129	0.000057
6128	0.000098
6127	0.000135
6133	0.000145
6134	0.001096
6135	0.000026
6141	0.000007
6142	0.000007
6143	0.000007
6144	0.000007
6145	0.000007
6146	0.000599
6147	0.000007
6150	0.000041
6152	0.000012
6153	0.000012
6155	0.000253
6158	0.000253
6157	0.001009
6160	0.000867
6165	0.000115
6168	0.000034
6169	0.000273
6175	0.000470
6176	0.000579
6177	0.000588
6178	0.000747
6179	0.001566
6180	0.000828
6196	0.000893
6197	0.001110
6181	0.000747
6182	0.000954
6183	0.000747
6184	0.000869
6185	0.000747
6186	0.000747
6187	0.000747
388	0.000747
6188	0.000747
6199	0.000747
6200	0.001507
6201	0.000893
6202	0.000952
6203	0.000747
6204	0.002083
6190	0.001332
6205	0.000747
6206	0.000747
6207	0.001593
6191	0.000747
6192	0.000773
6208	0.001232
6193	0.000747
6212	0.000086
6213	0.000081
6214	0.000027
6215	0.000027
6216	0.000751
6217	0.004905
6219	0.000102
6220	0.001930
6224	0.000280
6222	0.000280
6223	0.005992
6230	0.000041
6228	0.000037
6232	0.000228
6236	0.000082
6239	0.000346
6240	0.000193
7590	0.000220
6242	0.001263
6244	0.000024
6245	0.000580
6247	0.000051
6248	0.001113
6252	0.000068
6253	0.000019
6254	0.000019
6258	0.000000
6259	0.000000
6263	0.000447
6264	0.000026
6265	0.000026
6266	0.000000
6267	0.000000
6271	0.000930
6273	0.000029
6274	0.000908
6275	0.000029
6276	0.000029
6282	0.000017
6281	0.000017
6286	0.000854
6287	0.000300
6288	0.000300
6291	0.000022
6292	0.000022
6293	0.000022
6294	0.000022
6297	0.000022
6295	0.000343
6301	0.000015
6304	0.000057
6312	0.000161
6313	0.000386
6314	0.002538
6315	0.000112
6319	0.000182
6132	0.000107
6317	0.000781
6324	0.001588
6325	0.001048
6326	0.000516
6331	0.000227
6332	0.000026
6333	0.000039
6339	0.000124
6346	0.001965
6348	0.000070
6349	0.000070
6350	0.000070
4406	0.000145
5995	0.000265
6355	0.000145
6356	0.000258
6359	0.010337
6298	0.000684
6366	0.000066
6351	0.000055
6371	0.000055
6374	0.000016
6375	0.000016
6377	0.001437
6378	0.000482
6379	0.000023
6380	0.000133
6381	0.000068
7215	0.000251
6383	0.000668
6387	0.000024
5965	0.000697
6389	0.000102
6391	0.000033
6392	0.000033
6393	0.000033
6394	0.000955
6399	0.000033
6395	0.000033
6396	0.000033
6397	0.000033
6398	0.001936
6406	0.000022
6408	0.000045
6410	0.000120
6411	0.000120
6412	0.000120
6413	0.000120
6415	0.000405
6416	0.000275
6983	0.000031
6423	0.000015
6426	0.000005
6429	0.000073
6428	0.000674
6430	0.000024
6431	0.000024
6436	0.000348
6439	0.000061
6440	0.001120
6443	0.007711
6444	0.000183
6448	0.000183
6445	0.000705
850	0.000497
6446	0.000183
6450	0.000043
6451	0.000043
6452	0.000108
6453	0.000043
6454	0.000043
6455	0.000043
6456	0.000351
6457	0.000156
6459	0.000096
6461	0.000830
6466	0.000017
6467	0.002063
6468	0.000017
6469	0.000110
6470	0.000003
6471	0.000196
6477	0.000581
6479	0.002271
6478	0.000581
6480	0.000034
6483	0.002383
6484	0.001608
6485	0.000419
6486	0.007593
6487	0.000655
6488	0.003565
6489	0.000463
6490	0.000436
6492	0.000569
6493	0.000419
6494	0.012465
8025	0.000186
6495	0.000421
6497	0.000158
6500	0.000957
6502	0.001166
6504	0.000755
6506	0.000036
6507	0.000036
6508	0.000036
6509	0.000036
6510	0.009263
6513	0.000040
6514	0.000040
6515	0.000040
6516	0.000092
6517	0.000482
6518	0.003903
6519	0.000023
6520	0.000073
6521	0.000023
6522	0.002523
6524	0.000403
6525	0.001294
6526	0.000772
6527	0.000007
6460	0.003999
7765	0.000213
6533	0.000070
6534	0.000070
6537	0.001806
6535	0.000070
6538	0.001666
6539	0.000070
6536	0.000109
6541	0.000032
6542	0.000032
6544	0.000146
6545	0.000447
6546	0.000256
6547	0.000146
6548	0.000808
6550	0.000436
6561	0.000254
6565	0.000071
6572	0.000051
6573	0.000051
6574	0.000061
6575	0.000061
6563	0.005613
7840	0.000157
6577	0.001996
6578	0.000175
6579	0.000175
6580	0.000175
6586	0.000175
6581	0.000175
6582	0.000175
6583	0.000175
6587	0.000175
6584	0.000175
6588	0.000175
6585	0.000175
6598	0.000609
6601	0.000024
6602	0.000024
6603	0.000024
6604	0.000024
6605	0.002009
6607	0.001353
6608	0.001721
6612	0.000442
6619	0.008095
6614	0.000197
6615	0.014440
6616	0.001720
6617	0.000080
6622	0.000253
6623	0.000001
6625	0.000212
6627	0.005476
6626	0.002071
6630	0.000092
5943	0.000007
6636	0.000216
6633	0.000098
6635	0.000709
6639	0.000004
6643	0.000595
6644	0.000478
6645	0.000590
6646	0.000704
6647	0.000478
6655	0.000747
6648	0.000735
6649	0.003517
6650	0.000478
6651	0.000478
6652	0.000478
6653	0.000478
6654	0.000478
6656	0.000005
6657	0.002059
6658	0.001501
6609	0.001140
6660	0.000001
6551	0.000875
6666	0.000396
6671	0.000340
6672	0.000115
6673	0.000115
6674	0.000115
6675	0.000115
6676	0.000856
6677	0.000115
6678	0.000115
6679	0.000115
6683	0.000027
6684	0.000010
6687	0.000000
6688	0.000000
6689	0.000000
6690	0.000000
6695	0.000067
6696	0.000021
6697	0.000028
6698	0.000028
6701	0.000019
6702	0.000645
6703	0.000074
6705	0.000016
6706	0.000406
6710	0.000793
6711	0.000640
6713	0.000448
6718	0.000110
6717	0.000375
6719	0.000475
6727	0.000325
6728	0.000325
6729	0.000028
6730	0.000028
6731	0.000028
6732	0.000028
6734	0.000214
6735	0.000073
6738	0.000073
6744	0.000227
6745	0.000064
6746	0.000117
6749	0.000005
6751	0.000011
6757	0.000000
6726	0.000976
6752	0.000081
6753	0.000281
6758	0.001235
6760	0.000382
6761	0.000198
6764	0.000110
6766	0.001008
6767	0.000384
6768	0.000016
6771	0.000229
8021	0.000065
6775	0.000204
6773	0.000122
6779	0.000598
6781	0.000801
6782	0.000274
6787	0.000005
6793	0.000162
6794	0.000162
6795	0.000277
6797	0.000113
6798	0.000113
6800	0.000113
6801	0.000283
6802	0.000037
6804	0.000181
6808	0.000025
6807	0.000025
6810	0.000018
6812	0.000054
6811	0.000018
6815	0.000232
6816	0.000052
6818	0.000164
6819	0.000118
5269	0.000118
6821	0.000025
6822	0.000076
6824	0.000025
6776	0.000198
6828	0.000040
6829	0.000327
6834	0.000225
6835	0.000107
6836	0.000107
6837	0.000062
6841	0.000221
6842	0.000027
6843	0.000027
6844	0.000027
6845	0.000216
6846	0.000469
6848	0.001069
6847	0.000022
6852	0.000024
6854	0.000034
6859	0.001582
6620	0.008827
6861	0.000232
6862	0.000037
6863	0.000155
6864	0.000275
6866	0.000395
6867	0.000778
6865	0.001957
6870	0.000346
6876	0.000051
6877	0.000051
6878	0.000051
6880	0.000275
6881	0.000037
6883	0.000431
6884	0.000094
6885	0.001301
6747	0.000257
6886	0.000595
5410	0.000242
6895	0.000785
6896	0.000405
6899	0.000162
6900	0.004228
6902	0.001955
6903	0.000000
6905	0.000287
6915	0.000345
6906	0.006618
6908	0.000287
6909	0.000287
2415	0.000654
6910	0.000287
6916	0.006572
6911	0.000554
6912	0.000769
6921	0.000149
6922	0.000149
6926	0.000021
6927	0.000021
6928	0.000048
6929	0.000195
6935	0.000971
6936	0.000853
6940	0.000075
6941	0.004894
6943	0.000086
6949	0.000268
6947	0.000043
6954	0.000131
7636	0.000049
7881	0.000060
7991	0.000151
8007	0.000189
6959	0.000460
6692	0.000532
6958	0.000078
6960	0.000074
6961	0.000160
6962	0.000074
6963	0.000074
6968	0.000057
6969	0.000057
6316	0.002476
6971	0.000383
6972	0.000192
6974	0.000236
6975	0.000710
6978	0.000027
6981	0.000033
6984	0.000455
6985	0.000044
6990	0.000128
6991	0.001392
6995	0.000017
6996	0.000003
6998	0.000022
6999	0.000022
7000	0.000022
7001	0.000022
7002	0.000129
7003	0.000022
7004	0.000022
7006	0.000022
7007	0.000022
7008	0.000022
7009	0.000022
7010	0.000022
7011	0.000336
7013	0.000022
7014	0.000249
7015	0.000022
7016	0.000022
7017	0.000022
7018	0.000022
7019	0.000463
7020	0.000273
7022	0.000022
7024	0.000247
7025	0.000022
7026	0.000995
7027	0.000022
7028	0.000022
7029	0.000072
7031	0.000000
7033	0.000000
7032	0.000000
7035	0.000165
7036	0.000176
7037	0.000136
7041	0.000000
7043	0.000578
7044	0.000079
7051	0.000029
7045	0.002910
7053	0.002620
7046	0.001557
7055	0.007342
7048	0.000029
7056	0.002919
7049	0.001867
7057	0.009654
7030	0.000360
7061	0.000827
7064	0.000420
7065	0.000178
7038	0.000610
7072	0.000022
7070	0.000045
7071	0.000136
7079	0.000097
7080	0.005825
7797	0.000017
7082	0.000013
7085	0.000123
7087	0.000186
7086	0.008170
7084	0.000123
7090	0.001503
5015	0.001155
7089	0.000170
7096	0.000395
7095	0.000098
7098	0.000051
7099	0.001337
7100	0.001076
7103	0.000053
7104	0.001689
7106	0.000431
7107	0.000053
7109	0.000255
7111	0.000023
7112	0.000023
7113	0.000690
7114	0.000023
7118	0.000037
7117	0.001061
7121	0.000700
7123	0.000058
7122	0.000058
7124	0.000118
7125	0.000118
7127	0.000190
7128	0.000183
7129	0.000837
7136	0.000124
7130	0.000136
7137	0.000118
7126	0.000144
7132	0.003180
7133	0.000118
7138	0.000198
7134	0.000229
7139	0.000358
7140	0.000118
7135	0.000118
6986	0.000015
7142	0.000074
7145	0.000033
7151	0.000027
7153	0.000991
7154	0.000238
7155	0.000238
7156	0.000238
7157	0.000238
7160	0.000238
7158	0.000238
7159	0.000238
7163	0.000020
7164	0.000751
7165	0.000446
7166	0.000189
7167	0.000189
7172	0.000035
7173	0.000096
7174	0.000018
7175	0.000032
7178	0.000112
7179	0.000032
7176	0.000186
7177	0.000018
7183	0.001021
7184	0.000271
7187	0.000240
7188	0.003257
7189	0.000274
7190	0.000000
7191	0.000000
7192	0.000130
7193	0.000130
6889	0.000206
7194	0.000000
7195	0.000000
7197	0.000102
7198	0.000322
7203	0.000058
7205	0.000004
7206	0.000004
7210	0.000080
7211	0.000080
7212	0.000080
7217	0.000088
7219	0.000302
7218	0.000302
7220	0.000253
7221	0.000253
7223	0.000028
7226	0.000233
7227	0.000783
7228	0.000434
7229	0.000488
5143	0.000994
7230	0.000217
7231	0.007961
7232	0.000044
7234	0.000044
7235	0.000044
7236	0.003137
7239	0.001952
7240	0.000019
7241	0.002115
7245	0.000053
7251	0.000160
7252	0.000160
7253	0.000394
7255	0.000005
7260	0.000122
7265	0.000065
7266	0.000446
7267	0.000065
7268	0.000065
7269	0.000065
7270	0.000425
7271	0.000306
7276	0.000485
7278	0.000351
7282	0.000040
7283	0.000013
7284	0.000040
7285	0.000013
7286	0.000013
7287	0.000013
7291	0.000002
7293	0.000375
5949	0.000194
7296	0.000080
7298	0.000121
7299	0.000072
7300	0.000072
7302	0.000125
7305	0.000123
7171	0.001214
7309	0.000025
7310	0.000025
7317	0.002830
7320	0.000003
7294	0.004543
7326	0.000080
7327	0.000425
7281	0.000789
7329	0.000219
7333	0.000025
7330	0.000050
7332	0.000100
7335	0.001342
7336	0.000100
7337	0.000100
7342	0.000019
7345	0.000019
7343	0.001424
7344	0.000269
7347	0.000194
7348	0.000208
7349	0.000194
7350	0.001764
7352	0.001036
7353	0.000194
7354	0.002629
7355	0.000194
7360	0.002259
7363	0.000039
7371	0.000021
7374	0.000017
7377	0.000017
7379	0.001148
7380	0.000841
7357	0.000604
7199	0.000176
7382	0.000112
7383	0.000203
7390	0.002484
7392	0.000091
7321	0.000180
7394	0.000231
7170	0.000511
7401	0.000768
7402	0.000735
7403	0.000511
7404	0.000511
7405	0.001833
7409	0.001198
7413	0.000194
7416	0.000037
7417	0.000070
7418	0.000139
7419	0.000031
7420	0.000031
7421	0.000562
7424	0.000395
7425	0.000619
7426	0.000230
7427	0.000089
7428	0.000282
7429	0.000089
7430	0.000089
7431	0.000089
7441	0.000061
7444	0.000205
6139	0.000033
7448	0.000033
7445	0.000033
7446	0.000033
7447	0.000033
7451	0.000014
7452	0.000360
7453	0.000014
7181	0.000131
7180	0.000399
7454	0.000014
7455	0.000350
7456	0.000014
7457	0.000014
7458	0.000014
7459	0.000014
7461	0.000014
7462	0.000014
7465	0.000000
7467	0.000000
7466	0.000000
7473	0.000037
7474	0.000037
7468	0.000037
7469	0.000037
7476	0.000080
7477	0.000037
7470	0.000037
4532	0.000612
7480	0.000157
7481	0.000157
7482	0.000047
7483	0.000047
7484	0.000181
7485	0.000095
7486	0.000095
7487	0.000095
7492	0.000098
7494	0.000000
7495	0.000000
7501	0.000097
7502	0.000345
7503	0.000097
7505	0.000039
7509	0.000232
7471	0.001446
7511	0.001421
7514	0.000078
7515	0.000007
7513	0.000007
7518	0.000757
7376	0.000278
7522	0.000648
7523	0.000648
7524	0.000648
7525	0.000648
7527	0.000044
7528	0.000044
7531	0.000042
7538	0.000043
7540	0.000043
7535	0.000043
7536	0.000043
7537	0.000043
7549	0.000386
7545	0.000194
7546	0.000300
7550	0.000194
7554	0.000227
7563	0.000004
7564	0.002715
7415	0.000656
7150	0.000938
7565	0.000344
7569	0.000286
7570	0.000107
7571	0.000054
7572	0.000054
7576	0.000236
7577	0.000236
7578	0.002140
8165	0.000008
7579	0.000929
7580	0.001373
7581	0.000236
7585	0.000094
7586	0.001188
7594	0.000257
7595	0.000063
7597	0.000295
7598	0.002565
7599	0.000063
7600	0.000063
7602	0.000011
7605	0.000296
5910	0.000178
7608	0.000200
7610	0.000007
7611	0.000007
7613	0.000007
7609	0.000131
7614	0.003654
7615	0.000107
7616	0.000107
7617	0.000107
7619	0.000107
7623	0.000097
7625	0.000332
7626	0.000069
7630	0.000064
7629	0.000064
7639	0.000029
7638	0.000029
7601	0.000369
7644	0.000041
7645	0.000041
7986	0.000003
7659	0.000593
7660	0.000036
7650	0.000102
7661	0.000484
7663	0.000309
7664	0.000309
7665	0.000592
7670	0.000024
7676	0.000176
7677	0.000638
7678	0.000113
7679	0.002260
7682	0.001883
7684	0.000080
7685	0.000949
7687	0.000117
7686	0.000080
7696	0.000173
7697	0.001556
7698	0.000064
7703	0.000398
7704	0.000031
7705	0.000031
7706	0.000041
7715	0.000057
7716	0.000234
7719	0.000379
6367	0.000170
7717	0.000234
7720	0.000021
7721	0.000005
7724	0.000059
7728	0.000142
7727	0.002283
7729	0.000003
7732	0.000002
7733	0.003872
7736	0.000108
7737	0.000010
7738	0.000619
7741	0.000254
7742	0.000102
7743	0.001112
7744	0.003857
7745	0.000023
7747	0.001014
7750	0.000069
7751	0.000057
7752	0.000125
7753	0.000125
7755	0.001054
7756	0.000125
7758	0.000072
7759	0.000235
7760	0.000072
7761	0.000072
7762	0.000072
7766	0.000746
7767	0.000109
7768	0.000809
7769	0.001358
7770	0.000040
7771	0.000085
7772	0.000933
7773	0.000021
7774	0.001968
7775	0.001685
7777	0.000021
7779	0.000079
7780	0.000112
7781	0.000037
7782	0.000037
7783	0.000037
7789	0.000058
7790	0.000348
7792	0.000596
7796	0.000035
7800	0.000039
7804	0.000039
7801	0.000039
7805	0.000039
7802	0.000039
7806	0.000223
7808	0.001499
7812	0.000434
7814	0.000032
7815	0.000140
7818	0.001102
7821	0.000027
7822	0.000027
7826	0.000004
7827	0.000004
7828	0.000004
7829	0.000226
7830	0.000053
7831	0.000144
7832	0.000053
7834	0.000053
7836	0.000053
7837	0.000073
7841	0.000178
7842	0.000158
7843	0.000084
7844	0.000049
7845	0.000080
7848	0.000049
7849	0.000018
7852	0.000018
7850	0.000018
7851	0.000018
6638	0.000018
7853	0.000076
7854	0.000063
7856	0.000326
7754	0.000068
7863	0.000108
7864	0.000143
7865	0.002309
7866	0.000195
7867	0.000064
7868	0.000064
7870	0.000064
7873	0.000704
7875	0.000024
7877	0.000282
7878	0.000039
7885	0.000402
7883	0.000056
7884	0.000495
7886	0.000019
7887	0.000019
7888	0.000019
7889	0.000019
7891	0.000229
7892	0.000229
7893	0.000245
7372	0.000229
7894	0.000229
7900	0.001612
7901	0.001984
7902	0.001579
7903	0.000357
7904	0.000809
7905	0.000070
7906	0.000608
7907	0.000874
7911	0.000053
7869	0.000053
7914	0.000025
7915	0.000157
7916	0.000170
7919	0.000032
7920	0.000008
7922	0.000035
7923	0.000035
7925	0.000035
7930	0.000368
7929	0.000698
7932	0.000397
7933	0.000762
7931	0.000394
7934	0.000368
7935	0.000368
7937	0.000227
7938	0.000324
7939	0.000227
7940	0.000227
7941	0.000227
7942	0.000227
7944	0.000013
7945	0.000479
7948	0.000069
7949	0.000038
7950	0.000038
7953	0.000013
7954	0.000043
7955	0.000043
7956	0.000043
7959	0.000020
7960	0.000020
7964	0.000925
7966	0.000031
7968	0.000323
7969	0.000046
7967	0.000341
7970	0.000031
7972	0.000000
7973	0.000000
7974	0.000031
7975	0.000031
7976	0.000031
7978	0.000013
7980	0.001339
7981	0.000000
7982	0.000000
7985	0.000516
7993	0.000144
7995	0.000002
7998	0.000009
7999	0.000009
8000	0.000009
8001	0.000009
8005	0.000048
8006	0.000001
8009	0.000115
8010	0.000175
8011	0.000115
8012	0.000685
8013	0.000115
8014	0.000000
8015	0.000000
8020	0.000000
8027	0.000000
8035	0.000123
8036	0.000982
8040	0.000060
8041	0.000285
8045	0.000153
8046	0.000675
8047	0.000873
8048	0.000061
8049	0.000033
8052	0.000033
8053	0.000828
8054	0.000131
8055	0.000050
8056	0.000050
8057	0.000050
8060	0.000291
8061	0.000548
8062	0.000194
8063	0.000301
8064	0.000194
8065	0.000194
8066	0.000465
8069	0.000294
8070	0.000088
8071	0.000088
8072	0.000088
8074	0.000000
8076	0.000000
8075	0.000000
8077	0.000020
8080	0.000033
8081	0.000033
8023	0.000057
8084	0.000057
8085	0.000970
8086	0.000057
8087	0.000057
8088	0.000128
8089	0.000000
8091	0.000153
8092	0.000393
8093	0.000153
8094	0.000171
8095	0.000153
8096	0.000153
8098	0.000118
8099	0.000118
8100	0.000118
8101	0.000118
8102	0.000118
8108	0.000118
8103	0.000118
8104	0.000118
8105	0.000118
8111	0.000225
8112	0.000231
8106	0.000118
8107	0.000953
8114	0.000118
8115	0.000118
8109	0.000118
8110	0.000118
8118	0.000031
8119	0.000031
8120	0.000031
8126	0.000032
8131	0.000008
8133	0.000033
8135	0.000087
8138	0.000087
8136	0.000087
8097	0.000194
8137	0.000087
8140	0.000113
8142	0.000113
8144	0.000113
8145	0.000128
8146	0.000163
8147	0.000004
8152	0.000873
8153	0.000118
8155	0.000107
8156	0.000482
8158	0.000107
8159	0.000107
8157	0.000205
8161	0.000018
8162	0.000233
8166	0.000083
8167	0.000083
8170	0.000016
8171	0.000139
8172	0.000016
8173	0.000343
8177	0.000013
7472	0.000013
8179	0.000013
8184	0.000013
8180	0.000013
8181	0.000013
8182	0.000013
8183	0.000013
8187	0.000037
8189	0.000216
7861	0.000061
8190	0.000153
8193	0.000271
8194	0.000077
8195	0.000077
8196	0.000023
8197	0.000023
8199	0.000005
8202	0.000046
8203	0.000046
8206	0.000046
8205	0.000046
8211	0.000422
8213	0.000128
8215	0.000015
8216	0.000015
8221	0.000022
8222	0.000387
8231	0.000027
8232	0.000027
8233	0.000027
8236	0.000011
8214	0.000194
8238	0.000194
8241	0.000024
8242	0.000012
8243	0.000318
8244	0.000021
8245	0.000021
8248	0.000013
8229	0.000013
8251	0.000184
8252	0.000098
8253	0.000098
8254	0.000098
8255	0.000098
8256	0.000098
8260	0.000027
8261	0.000027
8262	0.000017
8264	0.000023
8265	0.000023
8266	0.000023
7637	0.000059
8270	0.000071
8272	0.000011
8273	0.000011
8150	0.000003
8274	0.000001
