# Input: ../as20graph.txt
# Nodes: 6474    Edges: 12572
# Algoritm: Infomap
# Average code length: 5371.345967
# Communities: 793
# NId	CommunityId
1	0
63	0
70	0
86	0
90	0
109	0
144	0
189	0
199	0
763	0
1311	0
1800	0
2497	0
2714	0
2828	0
3126	0
3134	0
3147	0
3495	0
3703	0
4247	0
4527	0
4574	0
4583	0
4963	0
5684	0
5691	0
5736	0
5790	0
6073	0
6139	0
6150	0
6201	0
6245	0
6316	0
6425	0
6536	0
6541	0
6566	0
6966	0
6989	0
7047	0
7152	0
7269	0
7318	0
7323	0
7374	0
7384	0
7386	0
7392	0
7430	0
7754	0
7823	0
7923	0
8009	0
8076	0
8084	0
8090	0
8097	0
8118	0
10266	0
10302	0
10361	0
10559	0
10581	0
10615	0
10616	0
10657	0
10725	0
10809	0
10839	0
10928	0
10934	0
11015	0
11086	0
11291	0
11302	0
11324	0
11435	0
11513	0
11552	0
11572	0
11573	0
11661	0
11721	0
11729	0
11765	0
11784	0
12025	0
12037	0
12073	0
12079	0
12114	0
12208	0
12214	0
12228	0
12273	0
13373	0
13384	0
13461	0
13646	0
13716	0
13790	0
13832	0
13845	0
13865	0
13920	0
14150	0
9512	0
10244	0
2515	0
2526	0
9364	0
1879	0
1881	0
209	1
6607	1
6650	1
10946	1
11485	1
12207	1
12209	1
12211	1
13506	1
14473	1
3087	1
4521	1
5024	1
5093	1
7778	1
7902	1
8058	1
10389	1
10416	1
10721	1
10975	1
11238	1
11320	1
11515	1
12028	1
13444	1
13494	1
13593	1
13782	1
13967	1
13969	1
14047	1
14051	1
14195	1
8159	1
12247	1
8018	1
6994	1
7024	1
10326	1
10516	1
11003	1
11792	1
11904	1
12224	1
13433	1
13473	1
14107	1
14146	1
7884	1
12052	1
6918	1
11859	1
13423	1
5665	1
6355	1
6375	1
8051	1
10267	1
11264	1
11967	1
12205	1
13388	1
13529	1
13604	1
13651	1
13701	1
13766	1
13781	1
13799	1
13803	1
13904	1
13932	1
13939	1
13951	1
14018	1
14052	1
14175	1
14188	1
14189	1
14369	1
14375	1
14427	1
14484	1
3	2
286	2
293	2
297	2
1746	2
2856	2
4136	2
1891	2
1897	2
2116	2
2819	2
5459	2
5474	2
6205	2
6879	2
12472	2
16	2
45	2
68	2
188	2
291	2
292	2
1842	2
2640	2
3380	2
3426	2
3428	2
3431	2
3671	2
6406	2
14101	2
6871	2
8435	2
8613	2
8635	2
41	2
270	2
1254	2
1749	2
1843	2
2274	2
2532	2
2486	2
5621	2
12669	2
600	3
6095	3
11685	3
8049	3
701	4
5662	4
6300	4
7346	4
7355	4
7862	4
8146	4
11027	4
11104	4
11928	4
12184	4
13599	4
13850	4
13942	4
49	4
140	4
557	4
1744	4
2003	4
2011	4
2019	4
2052	4
2648	4
2712	4
2853	4
3079	4
3113	4
3451	4
3569	4
3623	4
3855	4
3950	4
3955	4
4195	4
4286	4
4364	4
4390	4
4452	4
4456	4
4465	4
4515	4
4519	4
4530	4
4536	4
4566	4
4587	4
4922	4
4952	4
4960	4
4966	4
4977	4
4986	4
5002	4
5015	4
5055	4
5079	4
5080	4
5108	4
5540	4
5642	4
5703	4
5706	4
5752	4
5757	4
5762	4
5977	4
6071	4
6091	4
6103	4
6179	4
6234	4
6254	4
6266	4
6297	4
6303	4
6315	4
6384	4
6385	4
6404	4
6430	4
6437	4
6448	4
6477	4
6479	4
6532	4
6533	4
6544	4
6554	4
6569	4
6589	4
6614	4
6629	4
6933	4
6975	4
6991	4
7029	4
7041	4
7064	4
7089	4
7147	4
7183	4
7207	4
7220	4
7256	4
7281	4
7317	4
7334	4
7343	4
7354	4
7420	4
7425	4
7466	4
7731	4
7741	4
7762	4
7764	4
7785	4
7799	4
7809	4
7833	4
7891	4
7894	4
7959	4
8023	4
8038	4
8060	4
8061	4
8087	4
8088	4
8126	4
8129	4
8130	4
8136	4
8156	4
8182	4
8814	4
9071	4
9656	4
10251	4
10271	4
10296	4
10342	4
10382	4
10404	4
10409	4
10419	4
10431	4
10434	4
10447	4
10459	4
10512	4
10515	4
10552	4
10553	4
10564	4
10613	4
10614	4
10647	4
10655	4
10672	4
10724	4
10738	4
10760	4
10762	4
10769	4
10782	4
10788	4
10849	4
10907	4
10917	4
10926	4
10939	4
10970	4
11009	4
11041	4
11057	4
11074	4
11080	4
11111	4
11118	4
11144	4
11155	4
11202	4
11212	4
11232	4
11240	4
11241	4
11298	4
11346	4
11349	4
11350	4
11355	4
11376	4
11395	4
11429	4
11437	4
11454	4
11486	4
11487	4
11595	4
11605	4
11624	4
11636	4
11641	4
11664	4
11676	4
11723	4
11728	4
11768	4
11813	4
11849	4
11852	4
11897	4
11900	4
11911	4
11939	4
11959	4
11972	4
11981	4
11991	4
11996	4
12010	4
12023	4
12062	4
12100	4
12151	4
12194	4
12197	4
12199	4
12218	4
12238	4
12491	4
13321	4
13330	4
13339	4
13360	4
13368	4
13393	4
13434	4
13449	4
13471	4
13496	4
13500	4
13534	4
13539	4
13547	4
13570	4
13576	4
13588	4
13602	4
13612	4
13625	4
13633	4
13727	4
13753	4
13784	4
13793	4
13812	4
13813	4
13819	4
13833	4
13848	4
13868	4
13877	4
13906	4
13916	4
13925	4
13931	4
13947	4
13954	4
13976	4
13983	4
14010	4
14032	4
14037	4
14039	4
14063	4
14075	4
14114	4
14120	4
14127	4
14133	4
14154	4
14158	4
14168	4
14196	4
14205	4
14237	4
14276	4
14279	4
14290	4
14292	4
14325	4
14327	4
14352	4
14356	4
14379	4
14394	4
14418	4
14439	4
14447	4
14506	4
157	5
174	5
1239	5
3614	5
4544	5
6352	5
6932	5
7284	5
8161	5
11329	5
11527	5
11710	5
12178	5
13789	5
14098	5
1280	5
1294	5
1755	5
1760	5
2825	5
2918	5
3563	5
3593	5
3957	5
4187	5
4223	5
4313	5
4449	5
4581	5
4924	5
4940	5
4979	5
6314	5
6318	5
6357	5
6364	5
6451	5
6524	5
6550	5
6563	5
6981	5
7065	5
7227	5
7341	5
7381	5
7751	5
7849	5
7876	5
7924	5
8021	5
8039	5
8105	5
10316	5
10333	5
10337	5
10461	5
10499	5
10537	5
10577	5
10604	5
10635	5
10651	5
10665	5
10735	5
10756	5
10799	5
10832	5
10833	5
10925	5
10931	5
10933	5
10971	5
11010	5
11011	5
11151	5
11214	5
11234	5
11244	5
11272	5
11409	5
11439	5
11449	5
11494	5
11528	5
11541	5
11603	5
11606	5
11633	5
11635	5
11653	5
11690	5
11746	5
11760	5
11781	5
11797	5
11840	5
11866	5
11982	5
12018	5
12049	5
12060	5
12128	5
12142	5
12180	5
12201	5
13363	5
13379	5
13404	5
13425	5
13426	5
13454	5
13472	5
13490	5
13516	5
13567	5
13568	5
13586	5
13635	5
13638	5
13676	5
13717	5
13741	5
13750	5
13764	5
13824	5
13829	5
13837	5
13880	5
13883	5
13887	5
13889	5
13894	5
13915	5
13996	5
14036	5
14124	5
14134	5
14244	5
14294	5
14298	5
14329	5
14330	5
3220	5
2603	5
7912	5
1341	5
1789	5
1790	5
1791	5
3064	5
3366	5
3494	5
3555	5
3571	5
3704	5
3746	5
3753	5
3764	5
3815	5
3851	5
3899	5
4133	5
4191	5
4327	5
4542	5
4999	5
5769	5
5786	5
6133	5
6161	5
6167	5
6175	5
6177	5
6194	5
6242	5
6255	5
6313	5
6390	5
6396	5
6528	5
6586	5
6931	5
6945	5
7124	5
7267	5
7459	5
7839	5
7882	5
8008	5
8073	5
8101	5
8108	5
8109	5
8110	5
8155	5
8363	5
10254	5
10504	5
10507	5
10549	5
10638	5
10643	5
10774	5
10852	5
10859	5
10899	5
10948	5
11004	5
11073	5
11162	5
11198	5
11278	5
11508	5
11709	5
11948	5
12015	5
12139	5
12279	5
12486	5
13431	5
13464	5
13523	5
13598	5
13613	5
13760	5
13820	5
13831	5
13842	5
13843	5
13846	5
13871	5
13941	5
13950	5
14090	5
14103	5
14176	5
14182	5
14338	5
14419	5
14426	5
4793	5
9499	5
8354	5
5378	5
3403	5
4472	5
4547	5
6654	5
13395	5
13921	5
1299	5
6182	5
6734	5
8546	5
9104	5
9142	5
9192	5
12386	5
12496	5
1902	5
5578	5
5604	5
5629	5
6740	5
8257	5
8740	5
8787	5
8913	5
12357	5
12552	5
12570	5
12721	5
8674	5
659	5
1668	6
1666	6
1682	6
2056	6
10593	6
10681	6
65051	6
1673	7
1663	7
1321	7
1323	7
1328	7
1329	7
1331	7
1333	7
1687	7
1662	7
1236	8
1740	8
2024	8
5727	8
11188	8
12134	8
13806	8
3680	8
4309	8
4376	8
6104	8
6485	8
6506	8
7131	8
7178	8
7358	8
8085	8
8188	8
10484	8
10648	8
10967	8
10995	8
11030	8
11094	8
11159	8
11369	8
11509	8
11627	8
11640	8
11795	8
11927	8
12056	8
12196	8
13372	8
14397	8
14486	8
88	8
7929	8
10708	8
11045	8
12186	8
10311	8
10314	8
11248	8
11793	8
13772	8
196	8
4266	8
11560	8
11894	8
13919	8
3362	8
8119	8
11199	8
14239	8
7696	8
700	8
2715	8
3762	8
4263	8
4265	8
7760	8
7856	8
9264	8
10689	8
10868	8
11075	8
11078	8
11187	8
11683	8
11980	8
11985	8
12147	8
13540	8
14275	8
1833	9
8837	9
11875	9
8532	9
8979	9
14011	9
2041	10
7219	10
10754	10
11591	10
6368	10
6086	10
11600	10
10435	10
14042	10
7742	10
6540	10
3110	10
6472	10
7044	10
7436	10
10289	10
11209	10
13580	10
202	11
2516	11
4681	11
4777	11
7522	11
7643	11
4685	11
7306	11
7527	11
7678	11
9497	11
10362	11
2548	12
6432	12
7161	12
7426	12
10355	12
10536	12
11347	12
13755	12
3104	12
4569	12
6130	12
6973	12
7115	12
7144	12
7324	12
7744	12
8172	12
10383	12
10424	12
10534	12
10571	12
10741	12
10745	12
10825	12
10826	12
10829	12
10960	12
10991	12
11132	12
11163	12
11174	12
11176	12
11210	12
11211	12
11226	12
11250	12
11305	12
11412	12
11474	12
11538	12
11570	12
11578	12
11587	12
11658	12
11691	12
11831	12
11877	12
11910	12
11979	12
12041	12
12054	12
12160	12
12164	12
12242	12
13335	12
13382	12
13680	12
13713	12
13743	12
13896	12
14034	12
14219	12
14341	12
14462	12
6061	12
7309	12
7835	12
10392	12
10699	12
10981	12
11740	12
7828	12
13758	12
14076	12
7222	12
7292	12
7293	12
7349	12
11316	12
11405	12
11611	12
11820	12
13840	12
685	12
2897	12
3707	12
3708	12
6640	12
7093	12
7416	12
7802	12
7877	12
7968	12
8083	12
8185	12
8189	12
10667	12
10737	12
10908	12
11055	12
11261	12
11410	12
11461	12
11569	12
11763	12
11903	12
12011	12
12064	12
12131	12
13342	12
13729	12
13810	12
13998	12
14399	12
2018	12
2551	13
10750	13
6588	13
10669	13
10873	13
11364	13
13378	13
13596	13
13817	13
11066	13
11196	13
13736	13
10775	13
11879	13
13503	13
12227	13
6199	13
6996	13
10864	13
11263	13
11374	13
11682	13
8718	14
9090	14
2914	15
12003	15
13358	15
13857	15
80	15
101	15
4306	15
5798	15
6248	15
6331	15
10363	15
10503	15
10731	15
10944	15
11092	15
11160	15
11195	15
11462	15
11561	15
11574	15
11610	15
11655	15
11737	15
11826	15
11964	15
12076	15
12127	15
12275	15
13456	15
13462	15
13621	15
13626	15
13678	15
13756	15
14109	15
14507	15
73	15
97	15
234	15
3130	15
3807	15
3819	15
3838	15
3933	15
3946	15
4912	15
6326	15
6481	15
6577	15
7013	15
7118	15
7806	15
7850	15
7982	15
8028	15
8037	15
10279	15
10465	15
10612	15
10686	15
10714	15
10729	15
10763	15
11068	15
11076	15
11110	15
11283	15
11363	15
11387	15
11424	15
11440	15
11476	15
11490	15
11646	15
11787	15
11808	15
11874	15
11887	15
11954	15
11956	15
12082	15
12106	15
13476	15
13548	15
13557	15
13615	15
13804	15
13826	15
13841	15
13884	15
14088	15
10439	15
3257	16
8586	16
2131	16
8373	16
8575	16
8607	16
8649	16
8794	16
8862	16
8932	16
9170	16
12419	16
12512	16
12581	16
12612	16
12664	16
3292	17
2109	17
6834	17
8881	17
8989	17
12461	17
12633	17
12834	17
3356	18
5696	18
7140	18
8092	18
9156	18
12206	18
13649	18
6653	18
6938	18
7215	18
7296	18
7372	18
7458	18
7766	18
7832	18
8022	18
10305	18
11178	18
11213	18
11220	18
11368	18
11739	18
11850	18
11935	18
13380	18
13930	18
7964	18
12050	18
12266	18
11061	18
11067	18
11713	18
13481	18
14024	18
11170	18
3385	18
5041	18
7143	18
7938	18
6434	18
11501	18
11539	18
2	18
1808	18
3365	18
6603	18
7095	18
7359	18
7755	18
7807	18
7976	18
10323	18
10573	18
10654	18
10887	18
10943	18
10990	18
11370	18
11547	18
11671	18
11978	18
12210	18
12212	18
13706	18
13808	18
7201	18
12233	18
13827	18
762	18
5740	18
6525	18
6982	18
8010	18
8059	18
8179	18
10753	18
13410	18
14355	18
3404	19
12017	19
13700	19
11129	19
11500	19
3491	20
6319	20
10265	20
3386	20
11403	20
3144	20
4198	20
6621	20
7962	20
7985	20
11551	20
3549	21
10663	21
11499	21
11674	21
12012	21
13361	21
13623	21
14184	21
6220	21
7351	21
7837	21
10673	21
10860	21
11418	21
11881	21
12084	21
12117	21
13543	21
10732	21
12241	21
6123	21
8117	21
12092	21
10390	21
11656	21
7765	21
11565	21
10263	21
13956	21
1932	21
13955	21
2534	21
3512	21
4492	21
4599	21
5033	21
7151	21
8192	21
10381	21
10557	21
10901	21
11124	21
11206	21
11378	21
11711	21
11783	21
12108	21
12119	21
12158	21
12235	21
13468	21
13890	21
14167	21
3914	22
13659	22
6358	22
13607	22
13786	22
13943	22
11638	22
13328	22
13549	22
3967	23
4257	23
7128	23
7203	23
4996	23
5670	23
6644	23
7014	23
8082	23
10633	23
10805	23
6942	23
13341	23
10325	23
6508	23
11669	23
11803	23
5088	23
6354	23
6416	23
6565	23
7104	23
7280	23
8709	23
10784	23
11133	23
11216	23
13721	23
13910	23
14245	23
14246	23
4278	24
6243	24
4436	25
4307	25
10541	25
10683	25
11965	25
4550	26
10758	26
11183	26
11937	26
11796	26
11253	26
13709	26
14009	26
4565	27
7442	27
7795	27
11836	27
12144	27
13432	27
13532	27
13677	27
13703	27
11280	27
13869	27
6317	27
10441	27
3718	27
4378	27
7045	27
7750	27
10701	27
11222	27
11899	27
12250	27
13385	27
4648	28
681	28
4770	28
9343	28
9345	28
9443	28
9469	28
9503	28
5000	29
11019	29
7270	29
10909	29
5006	30
7800	30
10377	30
4045	30
7792	30
10379	30
217	30
13376	30
13892	30
11812	30
1998	30
6924	30
7973	30
10386	30
10879	30
10968	30
11401	30
12042	30
12283	30
13367	30
13684	30
5646	31
11443	31
7395	31
103	31
38	31
160	31
693	31
11135	31
6287	31
10608	31
7263	31
5773	31
4628	31
7491	31
11024	31
797	31
3581	31
3845	31
5700	31
6214	31
6349	31
6496	31
6576	31
7326	31
7752	31
10601	31
10692	31
10768	31
11526	31
11543	31
11689	31
5099	31
9292	31
7472	31
9419	31
9434	31
4010	32
5650	32
7410	32
10406	32
5048	32
6410	32
6521	32
7168	32
11152	32
11588	32
11798	32
13614	32
14139	32
12078	32
13369	32
7011	32
5698	32
10496	32
3513	32
10444	32
11223	32
14125	32
10260	32
10345	32
11470	32
3588	32
4167	32
4367	32
4997	32
5746	32
6114	32
6510	32
10918	32
11071	32
11292	32
11950	32
12165	32
13409	32
13563	32
13818	32
13946	32
210	32
5737	33
10853	33
8148	33
10878	33
11544	33
11596	33
10372	33
6113	34
4958	34
6335	34
6630	34
8154	34
7825	34
5693	35
6172	35
7756	35
10240	35
11393	35
11823	35
13545	35
11330	35
11701	35
12132	35
11182	35
11582	35
13518	35
10823	35
10666	35
14359	35
9143	35
9623	35
10746	35
10766	35
11385	35
11434	35
11862	35
12265	35
13389	35
13465	35
13484	35
13520	35
13526	35
13610	35
13617	35
13692	35
13771	35
6227	36
13553	36
11479	36
6261	37
8191	37
6453	38
3132	38
5763	38
6147	38
6395	38
8895	38
11889	38
12246	38
4761	38
5416	38
7315	38
10396	38
4538	38
8376	38
3249	38
4803	38
5071	38
5639	38
6400	38
6639	38
6677	38
7456	38
7928	38
8346	38
8452	38
8896	38
9050	38
10307	38
11166	38
12059	38
12252	38
12524	38
12632	38
12880	38
14166	38
14179	38
14453	38
8166	38
8570	38
12397	38
33	39
6461	39
6555	39
3557	39
3742	39
6163	39
7545	39
10368	39
11189	39
11388	39
11643	39
11908	39
13694	39
3066	39
5081	39
7086	39
6992	39
3699	39
6440	39
7811	39
2529	39
6413	39
752	39
3734	39
3925	39
4352	39
4654	39
5687	39
7010	39
7380	39
7390	39
7581	39
7735	39
7784	39
7961	39
8121	39
9671	39
10538	39
10993	39
11414	39
11545	39
11697	39
12635	39
13446	39
13861	39
13867	39
4982	39
4911	40
6467	40
10700	40
5009	40
6321	40
11542	40
11303	40
7333	40
4203	40
11851	40
12036	40
4989	40
10445	40
10475	40
10959	40
11444	40
11672	40
6597	41
10949	41
6847	42
8977	42
8421	42
8686	42
8871	42
9169	42
12378	42
12661	42
6993	43
4356	43
7224	43
4134	43
12126	43
7234	43
10966	43
4774	43
2042	43
3575	43
12215	43
12255	43
10736	43
11914	43
12125	43
13989	43
4808	43
4795	43
71	44
3932	44
6301	44
6433	44
7018	44
11839	44
14045	44
1763	44
1975	44
3585	44
4592	44
4927	44
6411	44
6431	44
6468	44
6623	44
6646	44
6941	44
7633	44
7726	44
7838	44
8074	44
8081	44
10453	44
10473	44
10477	44
10517	44
10576	44
10603	44
10625	44
10668	44
10694	44
10819	44
10846	44
10998	44
11154	44
11171	44
11286	44
11400	44
11438	44
11609	44
11634	44
11791	44
11810	44
11847	44
11890	44
11930	44
11971	44
12024	44
12045	44
12055	44
12069	44
12099	44
12156	44
12223	44
12261	44
12269	44
13371	44
13375	44
13443	44
13517	44
13630	44
13707	44
13900	44
13905	44
13933	44
14016	44
14143	44
14299	44
568	44
7853	44
11107	44
12120	44
1872	44
1968	44
4129	44
5694	44
6057	44
6307	44
7068	44
7133	44
7254	44
7310	44
7782	44
7977	44
8134	44
10242	44
10319	44
10395	44
10718	44
10947	44
11005	44
11033	44
11101	44
11134	44
11277	44
11589	44
11724	44
11833	44
11848	44
11857	44
11883	44
11895	44
11905	44
11906	44
12022	44
12198	44
12270	44
13343	44
13346	44
13477	44
13478	44
13565	44
13860	44
13888	44
125	44
161	44
1659	44
2386	44
2572	44
2631	44
3448	44
3653	44
4933	44
5074	44
5075	44
5728	44
5730	44
5731	44
6470	44
6501	44
6584	44
6742	44
6988	44
7163	44
7370	44
7462	44
7743	44
7810	44
7914	44
8035	44
8135	44
9329	44
10384	44
10588	44
10722	44
10904	44
10914	44
10962	44
10963	44
11021	44
11121	44
11169	44
11177	44
11185	44
11231	44
11235	44
11337	44
11383	44
11397	44
11428	44
11684	44
11738	44
11757	44
11902	44
11917	44
12039	44
12068	44
12085	44
12121	44
12153	44
12169	44
12281	44
13336	44
13391	44
13401	44
13436	44
13507	44
13552	44
13572	44
13578	44
13632	44
13688	44
13695	44
13698	44
13769	44
13815	44
13847	44
13852	44
13859	44
13882	44
14005	44
14008	44
14021	44
14033	44
14065	44
14113	44
14149	44
14328	44
7531	44
7691	44
6222	44
3390	44
1797	44
7037	45
10257	45
11841	45
11667	45
12027	45
3594	45
11990	45
13525	45
10489	45
11762	45
7062	46
12240	46
48	47
89	47
668	47
7170	47
7774	47
555	47
22	47
83	47
132	47
149	47
175	47
252	47
298	47
303	47
374	47
523	47
592	47
1242	47
1260	47
1453	47
1455	47
1456	47
1485	47
1503	47
1655	47
3520	47
5058	47
5264	47
5856	47
5957	47
8174	47
5855	47
5881	47
6633	48
7182	48
10334	48
8070	49
5761	49
8071	49
3578	50
8091	50
5651	50
8120	51
14440	51
8918	52
12385	52
5419	52
5424	52
8227	52
8391	52
8426	52
8469	52
8553	52
8853	52
8975	52
9013	52
9145	52
9161	52
9197	52
12339	52
12352	52
12392	52
12450	52
12518	52
12520	52
12666	52
12670	52
12694	52
6695	52
5574	52
8205	52
8955	53
4913	53
9039	53
12500	53
10487	54
13386	54
2568	54
195	54
11777	54
1227	54
1909	54
2641	54
10927	54
4355	55
10910	55
8012	55
10457	55
10584	55
11246	55
13323	55
13537	55
13622	55
3700	55
13748	55
13482	55
13739	55
11153	55
12213	55
11695	55
7169	55
7455	55
7736	55
11362	55
11442	55
11867	55
12000	55
12157	55
13566	55
13821	55
6469	56
10794	56
10911	56
11285	56
7434	56
13512	56
7235	56
13359	56
6394	56
11594	56
11864	56
11886	56
11957	56
13362	56
13724	56
13912	56
14099	56
10912	57
11901	57
11628	57
13451	57
13511	57
13830	57
14215	57
14094	57
6592	57
11568	57
6116	57
7796	57
10501	57
14160	57
11207	58
4543	58
11524	59
13963	59
11853	60
11616	60
13851	60
13738	60
13795	60
11854	61
12236	61
13322	61
12006	61
11143	61
11855	62
13653	62
14297	62
12179	63
6334	63
11040	63
14067	63
714	63
12216	64
11336	64
13315	65
1742	65
11817	66
13400	66
549	67
239	67
802	67
808	67
12093	67
12263	67
702	68
7148	68
12497	68
6902	68
5434	68
5481	68
5499	68
8266	68
8434	68
8473	68
8497	68
8542	68
8733	68
8747	68
8758	68
8807	68
8974	68
8984	68
8993	68
9019	68
9055	68
12234	68
12532	68
12715	68
703	69
7468	69
4614	69
4627	69
4641	69
7589	69
7646	69
9666	69
9729	69
9655	69
9660	69
7722	69
9513	69
9714	69
9732	69
1877	70
1880	70
1850	70
8368	70
6862	70
224	70
3255	70
1882	70
1982	71
6295	71
10594	71
2860	72
5516	72
9118	72
12527	72
2899	73
10702	73
11252	73
2941	74
7424	74
11480	74
3378	75
3369	75
3462	76
4781	76
4782	76
7534	76
9283	76
9312	76
9415	76
9450	76
9674	76
9680	76
9749	76
9785	76
705	77
3493	77
6407	77
11742	77
13418	77
815	77
3505	78
11366	78
814	79
3602	79
13911	79
7781	79
7398	79
4143	79
4939	79
5688	79
5755	79
6539	79
7307	79
7826	79
11969	79
12188	79
3733	80
11629	80
646	81
3739	81
84	81
5976	81
37	81
4302	81
5324	81
3741	82
11845	82
6180	82
10798	82
14115	82
3803	83
11034	83
11281	83
3816	84
11259	84
4005	84
7001	84
8668	84
11816	84
11237	84
7137	84
3831	85
10532	85
11775	85
7958	85
10958	85
11942	85
11918	85
4183	86
2562	86
12152	86
1928	86
10676	86
7996	86
5686	86
13858	86
4279	87
14291	87
81	88
4323	88
6250	88
11987	88
12191	88
12031	88
12074	88
13639	88
11756	88
13352	88
13469	88
13690	88
14152	88
14333	88
4513	89
11929	89
13873	89
7217	89
12001	89
4310	89
12220	89
13985	89
11082	89
11559	89
12110	89
12193	89
13411	89
14108	89
14415	89
226	90
4540	90
7895	90
13691	90
3508	90
11741	90
10684	90
6188	90
10587	90
127	90
4554	90
5655	90
10596	90
10629	90
11308	90
4637	91
9474	91
151	91
2008	91
2772	91
4610	91
4611	91
4623	91
4644	91
4655	91
4656	91
4748	91
4760	91
5085	91
7479	91
7577	91
7578	91
7695	91
9420	91
9444	91
9653	91
9742	91
4694	92
4197	92
4678	92
4688	92
4704	92
9365	92
3084	92
4686	92
4693	92
9359	92
9435	92
4200	93
4150	93
4208	93
4261	93
4959	93
5714	93
6371	93
6601	93
8100	93
11128	93
11191	93
13595	93
5726	93
11379	93
6580	93
14221	93
14403	93
3830	93
4324	93
4993	93
6392	93
6517	93
7208	93
7321	93
7949	93
10621	93
10985	93
11394	93
14140	93
5003	94
10589	94
46	95
3527	95
5723	95
17	95
111	95
1832	95
13326	95
237	95
513	95
145	95
11537	95
1249	95
1312	95
6360	95
77	95
2900	95
194	95
34	95
12	95
14	95
20	95
29	95
2552	95
3685	95
3756	95
5640	95
7081	95
10579	95
10755	95
11745	95
11872	95
12118	95
2902	95
3681	95
10546	95
10578	95
11318	95
12145	95
13504	95
13546	95
3350	95
5097	96
7344	96
11020	96
3300	97
1220	97
8514	97
5620	97
5623	97
6764	97
6799	97
6842	97
9008	97
9083	97
12298	97
12401	97
12454	97
12602	97
12667	97
8396	97
5580	98
3244	98
5594	99
12488	99
6758	99
2822	99
6678	99
5560	99
6729	99
6760	99
8554	99
8999	99
12362	99
12417	99
5648	100
11193	100
5683	101
11994	101
11516	101
12116	101
10292	101
11675	101
11139	101
11556	101
5705	102
11116	102
7226	102
7020	103
5713	103
5710	103
6083	103
6089	103
7460	103
8094	103
10474	103
10505	103
11157	103
11744	103
13519	103
5756	104
1694	104
6062	105
6598	105
10583	105
6082	106
6480	106
8125	106
11614	106
13642	106
12101	106
7181	106
14243	106
6128	107
12251	107
13455	107
13554	107
6181	108
7070	108
2752	108
7942	108
10252	108
10273	109
12013	109
6198	109
6233	109
13627	109
4511	109
6224	110
13491	110
6225	111
11307	111
13744	111
10558	112
4372	112
4539	112
5076	112
5697	112
6345	112
6347	112
6620	112
7042	112
7113	112
7767	112
7770	112
7859	112
8158	112
10422	112
10789	112
10791	112
10800	112
10989	112
11016	112
11239	112
11319	112
11471	112
11496	112
11755	112
11774	112
11789	112
11953	112
12053	112
12221	112
12237	112
13417	112
13435	112
13689	112
13693	112
13710	112
13740	112
13770	112
13973	112
14082	112
14151	112
14194	112
14315	112
6108	112
10973	112
11142	112
11323	112
12204	112
13333	112
14206	112
3998	112
7258	112
7951	112
10930	112
11168	112
11190	112
11549	112
11622	112
11976	112
10815	112
613	112
1787	112
4471	112
11483	112
11811	112
13726	112
14025	112
6109	112
11215	112
14523	112
11586	112
11282	112
11406	112
11251	112
12137	112
13513	112
14066	112
8149	112
11325	112
13749	112
2044	112
4943	112
5086	112
6144	112
7097	112
7737	112
7869	112
8180	112
10492	112
10510	112
10710	112
10749	112
10950	112
11070	112
11553	112
12253	112
13416	112
13467	112
13573	112
13654	112
13775	112
13893	112
14079	112
14171	112
14229	112
14293	112
14431	112
14517	112
6372	113
12268	113
6386	114
13327	114
3714	114
10921	114
6388	115
7098	115
10506	116
6419	116
6474	117
12029	117
6499	118
13427	118
13561	118
3743	118
6665	119
6762	119
8193	119
8244	119
6568	119
2609	119
6713	119
9079	119
10569	119
11960	119
7642	119
12797	119
12626	119
5505	119
5532	119
6790	120
5554	120
6722	120
6921	121
6950	121
6983	122
6112	122
11109	122
11580	122
11693	122
13583	123
7066	123
10545	123
225	123
11975	123
3553	123
10357	123
7046	124
7360	124
10953	124
7078	125
10920	125
7194	126
10742	126
7303	127
4270	127
10452	127
4387	127
7803	127
10983	127
11356	127
3449	127
7314	128
6337	128
11268	128
7515	129
2518	129
4673	129
7500	129
8952	129
9293	129
9515	129
11158	129
13495	129
3360	130
7819	130
5641	130
4454	131
6382	131
6383	131
6387	131
7892	131
7893	132
10984	132
2048	132
2055	132
7915	133
11404	133
7921	134
6602	134
7015	135
7016	135
7922	135
11427	135
12271	135
7757	135
11351	135
11426	135
11707	135
8052	135
13560	135
7963	136
13776	136
8006	137
11407	137
8047	138
6308	138
11090	138
5771	138
10483	138
8143	139
13686	139
14111	139
8164	140
8145	140
2711	141
8175	141
2939	141
11782	141
559	142
9010	142
378	142
786	142
7	142
8933	142
766	142
1213	142
1930	142
1955	142
2107	142
2852	142
3251	142
8609	142
2547	142
3219	142
3314	142
3346	142
6711	142
9116	143
12408	143
8944	143
9168	143
12753	143
12849	143
9154	144
8688	144
8919	144
9184	144
9318	145
9573	145
9629	145
7627	145
9458	145
9641	145
9739	146
9747	146
10347	147
3789	147
11670	147
11869	148
10367	148
10440	148
3770	148
11804	148
10466	149
11834	149
55	149
10514	150
11576	150
1698	150
6967	150
12035	150
7473	151
4787	151
5704	151
8788	151
10530	151
6127	151
6849	151
9334	151
10269	151
6487	151
2027	151
7470	151
7590	151
9534	151
8301	151
13999	151
9558	151
9730	151
9735	151
10697	151
12143	151
12687	151
13856	151
14202	151
12294	151
12548	151
8349	151
9734	151
10637	152
8415	152
8386	152
12735	152
10780	153
6484	153
10790	154
6465	154
10828	155
11102	155
14342	155
7441	155
10835	156
11225	156
10882	157
64333	157
11035	158
10598	158
7055	159
11100	159
3368	159
14390	159
715	160
11123	160
4432	160
4560	160
7216	160
8046	160
13442	160
11137	161
11377	161
2277	161
8056	161
7927	161
11562	161
4277	162
11466	162
3735	162
13928	162
8016	163
11649	163
11734	164
13683	164
11891	165
13329	165
11992	166
11081	166
12066	166
159	167
3112	167
11680	168
6197	168
6570	168
12122	168
11712	168
12272	168
13445	169
14095	169
13457	170
10660	170
13730	171
3506	171
3447	171
7202	171
3850	172
13765	172
2379	173
13927	173
12090	173
11047	173
13952	174
12019	174
1221	175
4634	175
7475	175
7486	175
7556	175
7566	175
7611	175
7644	175
7718	175
9261	175
9302	175
9424	175
9460	175
9462	175
9463	175
9481	175
9540	175
9544	175
9547	175
9555	175
9650	175
9746	175
9748	175
1778	176
3146	176
4109	176
3254	177
5592	177
3252	177
3319	177
5593	177
8258	177
8813	177
12545	177
12742	177
3396	178
3727	178
3786	179
4792	179
4745	179
4791	179
6068	179
7558	179
7562	179
9277	179
9490	179
9521	179
9527	179
9528	179
9530	179
9569	179
9574	179
9575	179
9579	179
9634	179
9638	179
9640	179
9646	179
9647	179
9683	179
9685	179
9688	179
9689	179
9690	179
9691	179
9692	179
9693	179
9694	179
9695	179
9696	179
9699	179
9701	179
9703	179
9704	179
9709	179
9759	179
9765	179
9767	179
9770	179
9772	179
9773	179
7192	180
7193	180
8017	180
8112	180
8113	180
8114	180
11145	180
11147	180
11148	180
10467	180
11733	180
13312	180
3783	180
3951	180
4553	180
7127	180
7228	180
7350	180
10997	180
6102	180
11022	180
1201	180
7177	180
8115	180
13662	180
3976	181
4669	181
9581	181
4961	181
7557	181
7559	181
9457	181
9487	181
9531	181
9632	181
9700	181
9756	181
4222	182
6377	182
5511	183
9471	183
7855	183
12479	183
12322	183
2199	183
2471	183
6752	183
4496	184
6079	184
5712	184
2015	185
6076	185
11204	185
11548	185
12087	185
12097	185
6259	185
11060	185
12020	185
10618	185
11036	185
11933	185
10942	185
13344	185
13957	185
14001	185
8142	185
11050	185
10797	185
11698	185
11794	185
13944	185
13960	185
14228	185
7206	186
6402	186
5689	186
11114	186
11069	186
13394	186
7790	187
6561	187
5678	187
7252	187
10306	187
12109	187
10831	188
7773	188
14263	188
3751	189
7911	189
11396	189
5671	189
10773	189
11481	189
13420	189
13421	189
13422	189
7960	190
13597	190
10792	190
10744	190
10494	191
10977	191
6939	192
7091	192
10602	192
3582	193
10876	193
4600	193
4201	193
11018	194
4713	194
8011	195
11186	195
11517	196
11893	196
4258	197
11608	197
1785	198
3820	198
5647	198
10894	198
11916	198
43	198
5719	198
4293	198
10493	198
11529	198
13972	198
26	198
3628	198
3629	198
4017	198
6074	198
7931	198
13636	199
6443	199
6494	199
11511	199
6066	200
5637	200
3856	200
4768	201
9731	201
9338	201
9431	201
9432	201
9433	201
9436	201
9470	201
9495	201
9511	201
9750	201
517	202
8549	202
6710	202
8569	202
12337	202
12480	202
6745	203
8210	203
8359	203
1273	203
10627	203
3216	203
8259	203
12830	203
8481	203
9043	203
8397	203
2861	203
5521	203
9211	203
12399	203
12722	203
8711	203
8904	203
9107	203
12538	203
1290	204
13987	204
5631	204
5611	204
3083	204
8928	204
9084	204
12471	204
12596	204
1899	205
8746	205
12318	205
12765	205
5595	206
1776	206
8940	206
8971	206
12411	206
12377	206
1903	207
9080	207
12767	207
5409	208
2134	208
3324	208
5401	208
6666	208
6659	208
5577	208
6835	208
8893	208
8917	208
6895	208
8610	208
8731	208
8739	208
12355	208
3302	209
8441	209
8857	209
8265	209
8583	209
8660	209
8722	209
8858	209
8911	209
12319	209
12465	209
12514	209
12650	209
12710	209
12839	209
5388	210
9057	210
8220	210
12306	210
6656	210
4269	210
8823	210
6859	210
5410	210
8304	210
8784	210
5559	210
8741	210
12701	210
8967	210
3256	210
8622	210
8957	210
9133	210
12295	210
12745	210
5428	210
9206	210
12433	210
12640	210
12755	210
12761	210
5606	211
6663	211
12439	211
12328	212
1136	212
8297	212
8529	212
4618	212
5418	212
1890	212
9167	212
8799	212
5506	212
8528	212
6706	212
9150	212
5615	212
1137	212
2043	212
8232	212
9065	212
2007	212
6796	212
8625	212
8942	212
12341	212
12709	212
12785	212
8616	212
1275	213
12349	213
553	213
1754	213
8519	213
8956	213
2505	214
3460	214
3128	215
3152	215
2381	215
7050	215
3136	215
3424	216
1330	216
1657	216
7053	217
6081	217
6509	218
803	218
65002	218
376	218
818	218
10786	218
10965	218
11700	218
12004	218
7539	219
7610	219
10764	219
24	219
3749	220
5050	220
7212	220
9	220
1206	220
3999	220
4130	220
204	220
278	221
3548	221
7184	221
8140	221
11087	221
625	222
2749	222
4444	222
5939	222
721	222
139	222
219	222
222	222
255	222
272	222
395	222
398	222
400	222
412	222
422	222
424	222
440	222
467	222
497	222
637	222
638	222
765	222
767	222
999	222
1317	222
1451	222
1452	222
1458	222
1459	222
1460	222
1462	222
1464	222
1466	222
1471	222
1472	222
1474	222
1475	222
1476	222
1477	222
1480	222
1482	222
1488	222
1489	222
1491	222
1492	222
1494	222
1498	222
1499	222
1504	222
1505	222
1507	222
1521	222
1527	222
1531	222
1533	222
1598	222
1727	222
1874	222
1904	222
1914	222
1959	222
2046	222
3475	222
4123	222
5180	222
5181	222
5927	222
5954	222
5961	222
5962	222
5974	222
6000	222
385	222
1241	223
8509	223
8388	223
8522	223
8618	223
9151	223
10680	224
1767	224
87	224
8169	224
2578	225
8752	225
5537	225
6788	225
8482	225
8636	225
3662	226
7651	226
3363	226
4158	226
7650	226
3661	226
4528	226
4605	226
4616	226
3931	227
11722	227
5738	227
13536	227
4651	228
7487	228
7613	228
7616	228
7636	228
7654	228
7715	228
9315	228
9744	228
3561	229
5760	229
5779	229
6379	229
8137	229
10317	229
2163	229
2276	229
3502	229
3625	229
3655	229
3728	229
3801	229
3994	229
4243	229
4271	229
4393	229
5049	229
5668	229
6309	229
6359	229
6376	229
6456	229
6475	229
6482	229
6504	229
6507	229
6530	229
6535	229
6575	229
6594	229
6634	229
6641	229
6943	229
6944	229
7035	229
7105	229
7146	229
7261	229
7342	229
7368	229
7435	229
7748	229
7851	229
7881	229
7909	229
8000	229
8005	229
8080	229
8098	229
10248	229
10249	229
10300	229
10397	229
10471	229
10585	229
10650	229
10705	229
10717	229
10801	229
10857	229
10956	229
10980	229
11006	229
11012	229
11089	229
11192	229
11217	229
11299	229
11300	229
11413	229
11456	229
11472	229
11504	229
11533	229
11554	229
11598	229
11601	229
11612	229
11613	229
11626	229
11632	229
11648	229
11657	229
11702	229
11743	229
11748	229
11749	229
11754	229
11779	229
11822	229
11977	229
12195	229
12202	229
12287	229
13399	229
13419	229
13463	229
13601	229
13624	229
13731	229
13762	229
13778	229
14062	229
14265	229
12044	229
11678	229
167	229
1226	229
1251	229
1906	229
2561	229
2707	229
2911	229
3081	229
3239	229
3379	229
3405	229
3458	229
3814	229
3828	229
3833	229
3846	229
4043	229
4057	229
4281	229
4291	229
4373	229
4459	229
4733	229
4947	229
5054	229
5536	229
5652	229
5742	229
5743	229
6118	229
6159	229
6258	229
6304	229
6312	229
6542	229
6587	229
6600	229
6946	229
6979	229
7079	229
7153	229
7179	229
7180	229
7265	229
7283	229
7312	229
7371	229
7452	229
7759	229
7776	229
7786	229
7820	229
7844	229
7867	229
7903	229
7920	229
7933	229
7955	229
8025	229
8057	229
8133	229
8153	229
8760	229
10295	229
10340	229
10405	229
10464	229
10521	229
10563	229
10599	229
10632	229
10661	229
10690	229
10696	229
10707	229
10727	229
10804	229
10820	229
10840	229
10850	229
10940	229
11025	229
11038	229
11049	229
11219	229
11227	229
11228	229
11267	229
11301	229
11304	229
11306	229
11343	229
11357	229
11421	229
11458	229
11491	229
11492	229
11518	229
11575	229
11615	229
11692	229
11770	229
11771	229
11819	229
11868	229
11870	229
11882	229
11907	229
11924	229
11966	229
11968	229
11986	229
12033	229
12057	229
12103	229
12112	229
12133	229
12159	229
12181	229
12243	229
12259	229
12260	229
12282	229
13350	229
13390	229
13403	229
13439	229
13458	229
13559	229
13574	229
13685	229
13702	229
13718	229
13866	229
13899	229
13908	229
13986	229
13992	229
14046	229
14054	229
14070	229
14155	229
14211	229
14217	229
14268	229
14287	229
14311	229
14348	229
14374	229
14382	229
14407	229
14448	229
14461	229
238	229
229	229
4670	230
9524	230
9702	230
9491	230
2697	231
4755	231
4758	231
9583	231
4765	232
4767	232
7485	232
5078	233
7294	233
8036	233
3340	234
2012	234
8448	234
8536	234
8571	234
5391	235
2108	235
6794	235
4295	236
5400	236
2855	236
12455	236
12720	236
8840	236
5484	236
6687	236
6688	236
8454	236
5483	237
5513	237
5565	237
5596	237
8579	237
8696	237
9024	237
5617	238
6778	238
5616	238
8965	238
12580	238
12824	238
10339	239
6311	239
200	240
9548	240
10838	240
6534	240
9751	240
11563	240
10275	241
6648	241
3550	241
7699	241
9441	241
9442	241
6697	242
5498	242
8704	242
12358	242
11507	243
7745	243
8342	244
8350	244
3235	244
3253	244
3389	244
5563	244
6673	244
6800	244
6828	244
6854	244
6856	244
6863	244
6903	244
8249	244
8345	244
8371	244
8557	244
8568	244
8580	244
8629	244
8732	244
8749	244
8790	244
9110	244
12327	244
12332	244
12396	244
12451	244
12452	244
12668	244
12683	244
12768	244
6767	244
8524	245
7138	245
8584	246
12617	246
12660	246
9117	246
6768	246
8715	246
8742	246
8849	246
8867	246
8945	246
12495	246
12516	246
12537	246
12619	246
8680	247
8681	247
8672	248
8866	248
9070	248
8745	248
5421	248
9335	249
4682	249
4700	249
7663	249
10796	250
11955	250
12262	250
10818	251
10810	251
5778	252
10843	252
11288	252
11043	252
10935	252
5056	253
10726	253
11334	253
7260	254
11417	254
3599	254
11717	254
10656	254
3566	254
5767	254
7268	254
10730	254
10352	254
13337	254
11961	255
12111	255
12297	256
8756	256
9199	256
12304	256
8226	256
8015	257
7753	257
13898	257
13502	257
10765	257
3857	258
3663	258
14257	258
10905	258
9320	259
4766	259
4790	259
3748	259
3813	259
4660	259
4663	259
7561	259
7564	259
7620	259
9273	259
9456	259
9493	259
9522	259
9525	259
9526	259
9529	259
9532	259
9644	259
9705	259
3784	259
4749	259
7621	259
7626	259
9275	259
9452	259
9489	259
9492	259
9568	259
9631	259
9637	259
9645	259
9684	259
9686	259
9760	259
4668	259
4780	260
7535	260
7538	260
7710	260
9346	260
9675	260
12430	261
8903	261
12688	261
6669	261
3301	261
1729	261
2865	261
12356	261
9052	261
9165	261
8239	261
12334	261
9430	262
9498	262
5113	263
6435	263
1335	263
3605	263
11892	264
11806	264
3407	265
12229	265
11296	265
11146	266
13387	266
4314	267
13924	267
5109	267
11923	267
8132	268
3670	268
8079	268
14153	268
7888	268
2511	269
2500	269
2501	269
2508	269
2520	269
9367	269
4722	270
12274	270
2510	270
2513	271
7660	271
7667	271
2522	271
3488	271
3510	271
9355	271
2521	272
7664	272
7670	272
9352	272
4675	272
7661	272
7665	272
4695	272
2527	273
7530	273
2687	274
4672	274
7482	274
4662	274
9536	274
2915	275
7519	275
4728	275
7513	275
7669	275
9374	275
9269	276
7526	276
4680	276
4691	276
7499	276
4716	277
4709	277
4683	277
4711	277
4719	277
7503	277
7512	277
7683	277
7686	277
4692	278
4723	278
4725	278
7673	278
9362	278
7516	279
7682	279
7518	280
2512	280
4708	280
9354	280
7521	281
7677	281
7668	282
7672	282
7685	283
7529	283
7502	283
7023	284
13779	284
1784	284
10781	284
2563	285
7624	285
9323	285
9708	285
4665	285
9274	285
9455	285
9459	285
9576	285
9642	285
9706	285
13374	286
2933	286
10399	286
10470	286
2140	287
3364	287
1332	287
3463	288
1706	288
13918	288
6488	288
377	289
3912	289
1334	289
3388	289
5674	290
10787	290
11913	290
7158	290
13862	290
10539	291
6344	291
7071	291
5676	291
13405	291
13948	291
4179	291
11687	291
11208	291
13631	291
11668	291
7012	291
13396	291
13658	291
13763	291
6401	292
11342	292
10264	292
2161	292
11478	292
6325	293
11828	293
5656	293
11233	294
11837	294
6367	294
4750	295
11919	295
9448	295
4741	295
4434	295
4800	295
4855	295
9789	295
9657	295
7157	296
7997	296
13489	296
8065	296
10299	296
8697	297
8934	297
11270	298
10241	298
5789	299
10246	299
10430	300
11827	300
3935	300
4193	300
10450	301
10468	301
10586	302
13682	302
7253	303
10770	303
10771	304
10821	304
10848	305
4984	305
2495	306
11317	306
2496	306
2701	306
5663	306
6263	306
7896	306
10508	306
11602	306
11607	306
11659	306
11736	306
6844	307
5425	307
11331	307
8335	307
8338	307
8329	307
3278	307
8200	307
8313	307
8900	307
8927	307
9058	307
8573	307
8951	307
8963	307
9137	307
11359	308
11662	308
11473	309
11530	309
11477	309
11536	310
7272	310
11974	311
11984	311
8077	312
13366	312
12077	313
13975	313
1257	314
2863	314
8873	314
2120	314
12563	314
6855	315
5628	315
8223	315
8290	315
6905	316
8737	316
13	317
213	317
5750	318
5754	318
2685	319
7165	319
13541	319
13608	319
5675	319
2688	319
3080	319
5680	319
5681	319
7288	319
5679	320
13408	320
14353	320
4596	321
11790	321
1324	321
1660	321
10519	321
10455	322
10884	322
1757	322
1325	322
3799	323
1326	323
7865	323
7301	324
1327	324
3394	324
6462	324
1667	325
11313	325
3358	325
1670	326
8252	326
1672	327
14308	327
1674	328
2559	328
10830	329
10711	329
13885	330
7439	330
10469	331
11718	331
13483	331
10297	331
4058	332
7484	332
7565	332
9440	332
9504	332
9584	332
4624	332
4639	332
4650	332
4658	332
4764	332
4773	332
4849	332
7471	332
7659	332
9409	332
9502	332
9665	332
4645	333
9590	333
4657	334
7634	334
9719	334
9418	335
4743	335
9472	335
4000	336
3790	336
4689	336
9304	336
4003	336
5509	336
6187	336
7994	336
9478	336
9718	337
9716	337
13340	338
10245	338
11747	338
9000	339
8869	339
8429	339
1967	339
8505	339
8721	339
8428	339
9095	339
3737	340
7223	340
11590	340
3564	340
11753	340
6226	341
4211	341
6322	342
11052	342
11345	343
13759	343
10609	344
11858	344
10813	345
11983	345
8785	345
12284	346
13415	346
11354	347
3554	347
6203	347
10851	347
11062	347
10522	347
7393	347
11945	347
13354	347
7657	348
4805	348
4739	348
4752	348
4797	348
7567	348
9429	348
7648	348
7652	348
7584	348
9427	348
9428	348
9500	348
2514	349
7671	349
10743	349
7523	349
7674	349
4684	349
4707	349
4710	349
8069	349
11127	350
8926	350
8474	350
6746	350
9015	350
9016	350
8465	350
9087	350
12369	350
12711	350
7332	351
13777	351
11871	351
3669	351
4609	352
7582	352
4621	353
3839	353
4762	353
9411	353
8705	354
5479	354
8207	354
8353	354
9202	354
9205	354
5515	355
764	355
1342	355
1732	355
2380	355
3274	355
5469	355
8317	355
6846	356
5380	356
8340	356
7568	357
9475	357
8447	358
5385	358
9023	358
12762	358
8470	359
6694	359
12550	359
5523	359
8595	359
12335	359
12679	359
8777	360
9121	360
9102	360
8707	360
8488	360
8710	360
9021	360
12794	360
9310	361
4778	361
9505	361
7618	361
9416	361
7649	361
7478	361
10256	362
8601	362
6866	363
12376	363
12713	363
3268	363
3260	363
13353	364
7365	364
13935	364
14457	364
6223	365
11521	365
11639	365
10855	366
13493	366
4151	367
6582	367
104	367
11371	367
5682	367
13555	367
14365	368
6512	368
11167	368
4039	368
4923	369
5716	369
13413	370
10685	370
7900	371
10916	371
6138	371
13313	371
4358	372
13475	372
6306	373
13564	373
11079	374
7189	374
271	374
6997	374
6327	375
4509	375
7361	375
13773	375
10482	375
7878	375
1691	376
13937	376
14007	376
3313	377
12489	377
12652	377
12719	377
12835	377
7176	378
2647	378
5535	378
8209	378
8612	378
9195	378
3847	379
3674	379
4555	379
4276	379
7233	379
3720	380
6936	380
6489	380
8460	381
8228	381
8332	381
12303	381
6804	381
6761	381
8361	381
9036	381
8295	381
8598	381
5630	381
8310	381
8921	381
6302	382
11766	382
9007	383
12288	383
12466	383
1270	383
12331	383
12796	383
12731	383
8852	383
9066	383
9182	383
12531	383
12610	383
12638	383
12653	383
11290	384
2493	384
8013	384
834	384
10329	384
10400	384
5496	385
6200	385
3333	385
1103	385
5399	385
1759	385
288	385
6830	385
1104	385
1126	385
1200	385
1888	385
5590	385
5417	385
12854	385
2698	386
6122	386
3676	386
7336	387
6136	387
11878	388
11054	388
5427	389
12571	389
12343	389
6735	390
8298	390
8820	390
8405	390
8938	391
12424	391
3330	391
8333	391
8413	391
8638	391
8843	391
12457	391
3262	391
6739	391
6901	391
8959	392
8960	392
9557	392
6412	392
8781	392
9155	392
5384	392
8961	392
6870	392
577	393
5089	393
6195	393
2571	393
1849	393
4983	393
8068	393
8072	393
9109	393
9194	393
8377	393
831	393
3848	393
8187	393
11666	393
9011	393
2028	393
2830	393
6725	393
8987	393
3308	393
8233	393
8743	394
12370	394
9212	394
12692	394
6427	395
7936	395
10703	395
13945	395
6221	396
8002	396
2033	396
4969	396
6078	396
6948	396
7019	396
7772	396
10288	396
11023	396
6493	396
10836	396
11205	396
11931	396
6260	396
12070	396
7868	396
11333	397
11809	397
13345	398
13508	398
11663	399
1225	399
7106	399
8138	399
10932	399
10979	399
13997	399
14148	399
4595	399
10858	399
6164	399
12016	399
13734	399
13722	399
6954	399
1224	399
267	399
5413	400
3286	400
4908	400
8954	400
1140	400
3246	400
5381	400
6785	400
8198	400
8608	400
2135	400
6774	401
9208	401
6771	401
5432	401
2611	401
5571	402
12576	402
6675	403
12733	403
12372	403
12409	403
9130	403
12696	403
9191	404
6728	404
8280	404
8419	404
12775	404
8251	405
8483	405
8309	406
8375	406
12678	406
9030	407
8925	407
3304	408
8986	408
6852	408
5463	408
6696	408
8221	408
8201	408
8270	408
8296	408
8437	409
3248	409
8525	409
8307	409
8559	409
9119	409
9185	409
3303	410
6756	410
8231	410
8237	410
8659	410
8729	410
8802	410
8845	410
9096	410
9108	410
12368	410
12750	410
12772	410
12776	410
9078	411
8255	411
8839	411
12727	411
9177	412
12639	412
8327	413
12333	413
1836	414
12387	414
12649	414
2047	414
9214	414
2612	414
6732	414
9025	415
9042	415
12307	415
12511	415
12620	415
6730	415
8243	415
8640	415
8703	415
8801	415
8833	415
8883	415
9092	415
8493	415
12429	415
12623	415
1889	416
12302	416
5551	416
72	416
6757	416
8468	416
9198	416
12530	416
5533	417
6765	417
5587	417
8924	417
8306	417
6805	418
8387	418
6878	418
9181	418
9018	418
5466	419
8914	419
5494	419
8767	420
9171	420
8939	421
8859	421
12655	421
11341	422
4589	422
6727	422
6763	422
12554	422
12606	422
9159	422
8330	422
10913	423
11952	423
14074	423
13499	423
13953	423
99	424
10827	425
13737	425
11221	426
13398	426
4006	427
6283	427
10811	427
10759	427
14387	427
6	428
3215	428
8362	428
8399	428
8494	428
8723	428
8874	428
8891	428
8948	428
9098	428
9210	428
12366	428
12412	428
12523	428
12600	428
12601	428
12642	428
12826	428
12864	428
1263	429
13849	430
7290	430
6922	431
3354	431
7291	431
18	431
1761	431
1970	431
3794	431
10550	431
11912	431
3272	432
8526	432
8650	433
12546	433
12676	433
6995	434
11696	434
1267	435
8815	435
2594	435
6737	435
8626	435
8855	435
8922	435
9037	435
9093	435
9209	435
12309	435
12434	435
12515	435
12637	435
12407	436
8477	436
8763	436
6754	436
12348	436
8864	436
5605	436
8442	436
12437	436
12822	436
3209	437
3211	437
6900	437
12420	437
7021	438
12065	438
10448	438
10719	439
13661	439
7925	439
6350	440
11039	440
268	440
11149	440
11279	440
13498	441
11179	441
8048	442
11694	442
1830	443
6553	443
6949	443
6362	443
10348	443
6826	444
9196	444
2110	445
3615	445
9022	445
12388	445
12415	445
3344	446
2818	446
12519	446
8844	446
5600	446
8563	447
6690	447
6858	447
8634	447
8829	447
9148	447
2874	448
8195	448
8213	448
5569	448
8702	448
790	449
3336	449
6743	449
3238	449
719	449
2586	449
8624	449
6873	450
6829	450
8339	450
7984	451
5722	451
14080	451
7993	452
4995	452
10778	452
8284	453
8632	453
5610	454
8593	454
5407	454
5588	454
5490	454
7362	455
114	455
4557	455
8	455
302	455
5707	455
7276	455
11773	455
13348	455
31	456
1852	456
11422	456
52	456
7377	456
4	456
47	456
131	456
299	456
6106	456
1717	457
2470	457
2472	457
1853	458
679	458
1113	458
1114	458
1117	458
1119	458
1120	458
1205	458
2036	458
6720	458
8380	458
8670	458
25	459
11423	459
5739	459
6192	459
5653	459
11293	459
27	460
6059	460
10886	460
102	460
11131	460
32	461
8973	461
2839	461
3305	462
6904	462
8527	462
8964	462
6813	463
8657	463
8269	463
12353	463
8458	463
6773	463
8765	463
8824	463
8994	463
9186	463
12305	463
6853	463
8773	464
12421	464
8392	464
8507	464
7483	465
4747	465
7541	465
4775	466
9425	466
9658	466
9410	466
9386	466
4759	466
8908	467
2637	468
3450	468
3479	468
10437	468
3591	468
6381	468
50	468
5661	468
10490	468
3452	468
10364	468
10631	468
11095	468
12005	468
12148	468
12173	468
13429	468
2553	468
6356	468
1591	469
5972	469
1653	470
2831	470
2833	470
2834	470
2836	470
2837	470
2838	470
2841	470
2842	470
2843	470
2846	470
5601	470
8748	470
9088	470
12384	470
2917	471
8677	471
12395	471
3259	471
3917	471
9180	471
12645	471
12744	471
12771	471
1301	471
6215	471
8780	471
8983	471
10806	471
12528	471
12566	471
12629	471
12662	471
12863	471
5589	472
9031	472
5603	473
2610	473
6896	473
8585	473
12778	473
8277	474
12493	474
8281	475
8404	475
8821	475
5398	475
5390	476
8215	476
2764	477
7580	477
9300	477
9328	477
9332	477
9717	477
9720	477
9268	477
7701	477
7555	477
7628	477
7631	477
7703	477
9262	477
9282	477
9284	477
9585	477
3840	478
7469	478
4740	478
4807	478
7496	478
4786	479
9517	479
9721	479
9298	479
7694	479
9446	479
9461	479
9496	479
137	480
5441	480
5444	480
5445	480
5457	480
5408	481
8581	481
2546	481
3323	481
5470	481
5489	481
6744	481
6867	481
8248	481
8253	481
8278	481
8617	481
8643	481
8700	481
8762	481
8991	481
9069	481
12364	481
12402	481
5446	482
3230	482
7540	483
9520	483
4957	484
6067	484
7506	484
4783	485
9554	485
7480	485
173	486
9372	486
2519	487
4677	487
9369	487
5765	488
13657	488
3228	489
6664	489
12565	489
5395	489
12445	489
12474	489
12505	489
12363	489
12779	489
2593	489
5397	489
5609	489
6882	489
8463	489
8783	489
8978	489
12428	489
12498	489
6667	490
8230	490
8812	490
12712	490
8968	491
5394	491
12373	491
9076	491
5392	492
8224	492
9026	492
6716	493
12008	493
5519	493
5557	493
12703	493
12390	493
8401	493
5482	493
8736	494
9004	494
2554	495
2524	495
7690	496
9350	496
8218	497
8355	497
6772	497
8312	497
3342	497
8653	497
8656	497
8651	497
12435	498
6865	498
6652	499
6405	499
6660	499
8272	499
5503	499
6779	499
8366	499
8202	499
8897	499
3686	499
7474	500
4742	500
4744	500
4860	500
9278	500
9518	500
4738	500
4794	500
4804	500
7476	500
7569	500
7570	500
7571	500
7572	500
7573	500
7574	500
7585	500
7603	500
7632	500
9279	500
9280	500
9285	500
9295	500
9313	500
9342	500
9382	500
9384	500
9408	500
9412	500
9426	500
9438	500
9447	500
9477	500
9480	500
9482	500
9484	500
9509	500
9550	500
9553	500
9564	500
9624	500
9661	500
9668	500
9723	500
6894	501
8836	501
7843	502
10634	502
1351	502
12163	502
11194	502
13414	502
2901	503
11389	503
1829	503
11173	503
7453	504
10674	504
4941	504
6971	505
13982	505
1741	506
544	506
565	506
1739	506
3221	506
12630	506
7829	507
13990	507
7397	508
6289	508
227	509
724	509
619	509
635	509
747	509
1600	509
1602	509
1637	509
1649	509
1985	509
1989	509
5958	509
5303	510
3916	510
684	511
13365	511
8160	512
855	512
10261	512
611	512
11998	512
2652	513
820	513
2651	513
2659	513
7122	514
11566	514
10354	515
11489	515
800	516
10972	516
8151	517
3484	517
10847	517
6458	517
7864	517
3454	518
6065	518
6503	518
7056	518
1292	518
2549	518
6342	518
6590	518
6957	518
7080	518
7125	518
7325	518
7438	518
10420	518
11519	518
11677	518
14178	518
6332	519
1322	519
7974	519
4493	519
12146	519
1831	519
3640	519
3810	519
3905	519
6495	519
7038	519
7120	519
7399	519
10479	519
10560	519
11136	519
3632	520
1840	520
3596	520
3328	521
8851	521
8910	521
12798	521
1733	522
772	522
1590	523
6595	523
1913	523
1556	523
1559	523
1562	523
1564	523
1569	523
1580	523
1589	523
1984	523
2632	523
2746	523
5256	523
5839	523
5510	524
12468	524
8793	525
8365	525
8495	525
8899	525
12836	525
6783	525
3327	526
5546	526
8240	526
8285	526
12301	527
5389	527
8425	527
8357	527
12594	527
8716	527
8436	527
8358	528
8229	528
8462	528
6733	529
5520	529
12313	530
12329	530
8311	531
12482	531
3352	531
8216	531
12321	531
9075	531
12492	531
12540	531
6821	532
5379	532
8830	532
8982	532
9172	532
12658	533
12657	533
3320	534
12470	534
12553	534
3745	534
6700	534
8303	534
9059	534
9115	534
9125	534
9175	534
12291	534
12510	534
12558	534
12665	534
13530	534
683	535
14031	535
11550	536
5072	536
3429	537
4729	537
6819	537
6070	538
6320	538
7006	538
11860	538
3384	538
5702	538
11652	538
11778	538
12096	538
12225	538
6210	538
14350	538
8001	538
8647	538
6107	538
6986	538
7319	538
11799	538
11846	538
11973	538
13696	538
6459	539
13913	539
6365	540
13592	540
13406	540
5872	541
5978	541
2721	541
3768	542
6893	542
5622	542
8408	542
9044	542
6719	542
8199	542
12651	542
3334	542
12350	542
12422	543
12312	543
5517	543
9132	543
12544	543
9126	543
8360	543
12458	543
12625	543
12584	543
12360	543
1841	543
12568	543
8450	544
9020	544
12292	544
2871	545
8792	545
8687	545
8953	545
12506	545
854	546
8111	546
11260	546
11468	546
11453	547
7794	547
5690	548
11522	548
11386	549
11115	549
4239	549
6178	550
6428	550
12115	550
7142	551
6373	551
3597	552
676	552
5745	552
4546	553
2686	553
8667	553
5512	553
5403	553
5435	553
8620	553
8905	553
9041	553
12361	553
12595	553
6638	554
13594	554
852	555
7861	555
3359	555
6171	555
11257	555
12021	556
10388	556
690	557
1677	557
1665	557
1675	557
1697	557
838	558
839	558
6058	558
816	559
10808	559
11084	559
11085	559
12226	559
813	559
7366	559
10520	559
10856	559
11103	559
11119	559
11679	559
14078	559
14193	559
14472	560
11647	560
6380	561
6912	561
6913	561
8062	561
8063	561
3996	561
3464	561
11255	562
13855	562
7908	563
10834	563
4967	563
10318	563
10481	563
11503	563
13591	563
4926	564
7005	564
7049	564
8066	564
10277	564
10605	564
10671	564
10757	564
10785	564
10795	564
10986	564
11008	564
11014	564
11063	564
11256	564
11311	564
11315	564
11373	564
11392	564
11411	564
11450	564
11451	564
11750	564
12264	564
13878	564
13934	564
8245	565
6823	565
12560	565
8225	566
8496	566
11764	567
2146	567
7727	567
11584	568
12883	568
10866	569
7910	569
10338	570
11579	570
11825	570
13902	570
6391	570
11925	570
13437	570
3677	571
7880	571
3701	572
1798	572
6366	572
7396	572
2150	573
10294	573
5106	574
5102	574
5103	574
5104	574
5105	574
6423	575
11995	575
4231	576
7337	576
11534	576
5486	577
8544	577
12441	577
12400	577
12789	577
6429	578
61100	578
8551	579
4148	579
8203	579
8347	579
8885	579
8894	579
12752	579
6619	580
9633	580
7087	581
3603	581
11053	581
10812	582
5666	582
14373	582
11269	583
13802	583
8167	584
11242	584
11432	584
11497	584
11835	585
11415	585
12140	585
13761	585
14204	585
11752	585
13357	585
14087	585
6505	586
6543	586
7063	586
10688	586
11706	586
7414	587
11801	587
11156	588
11921	588
4230	589
5772	589
11271	589
10417	589
6125	589
7162	589
7738	589
8141	589
10429	589
10454	589
10495	589
10670	589
10704	589
10733	589
10938	589
10954	589
11180	589
11284	589
11390	589
11419	589
11431	589
11800	589
11802	589
11896	589
11993	589
12136	589
13320	589
13874	589
13914	589
14026	589
4181	590
11842	590
8902	591
9144	591
4374	592
12051	592
11289	592
12230	592
8517	593
11042	593
8771	593
8400	593
5377	593
6715	593
6741	593
5396	593
8778	593
2614	593
3208	593
3233	593
3245	593
6822	593
8212	593
8293	593
8445	593
8456	593
8466	593
8534	593
8555	593
8884	593
9160	593
9176	593
6668	593
8314	593
8923	593
9152	593
8806	593
8378	593
8262	594
8795	594
8390	594
12716	594
12564	594
8530	594
12814	594
12829	594
12856	594
8431	594
8808	594
6755	595
8685	595
8876	595
8706	595
8717	596
8860	596
8877	596
12336	596
9064	597
6845	597
12672	597
12842	597
8751	598
12442	598
6877	599
6876	599
5415	599
3326	599
4854	600
7598	600
9265	600
4573	601
7629	601
9299	601
9728	601
6249	602
11884	602
12323	603
12616	603
12398	604
775	604
1309	604
777	604
1303	604
1307	604
1708	604
2062	604
2269	604
8289	605
9027	605
6703	605
12597	605
5598	605
8627	606
8875	606
12732	606
5430	607
8648	607
8520	607
8560	607
12447	607
12503	607
9099	607
8351	607
8950	607
12555	607
12647	607
6747	608
2588	608
8605	608
8194	608
12509	608
12847	608
12578	609
5518	609
12525	609
9091	609
12526	609
3265	610
8935	610
6848	611
9166	611
6684	612
6691	612
8217	612
8602	613
6685	613
8499	613
8476	614
6686	614
5436	615
6689	615
8348	616
8755	616
5624	617
12483	617
8818	617
5492	617
9158	617
5556	618
8642	618
6670	618
1248	618
5420	618
8786	618
12330	618
12659	618
9035	619
3242	619
9034	619
12551	619
8271	620
6776	620
3261	621
8693	621
12681	621
12706	621
12780	621
8486	622
9005	623
12549	623
6840	624
12575	624
2118	625
8241	625
8675	625
9068	625
5386	625
5553	625
8449	625
8480	625
8504	625
8825	625
12730	625
3307	626
5619	626
6709	626
6793	627
6820	627
8728	627
12375	627
3277	627
12374	628
12502	628
5493	629
5382	629
12340	629
8299	630
8511	630
8888	630
8394	631
2119	631
3293	631
745	632
1461	632
5295	632
760	633
2494	633
2200	634
789	634
776	634
781	634
1300	634
1304	634
1305	634
1716	634
1719	634
1720	634
1721	634
1723	634
1725	634
1935	634
1936	634
1937	634
1938	634
1939	634
1940	634
1942	634
2060	634
2222	634
2236	634
2237	634
2259	634
2418	634
2457	634
2477	634
2478	634
1713	634
7445	635
4470	635
2767	636
6183	636
12239	636
6241	636
11814	636
6537	636
11727	636
13441	636
3672	637
7992	637
13616	637
7271	638
13768	638
3812	638
14116	638
13705	638
74	639
6463	639
7788	639
10687	639
3766	639
7443	639
13319	639
7036	639
2498	640
2907	640
2503	640
2506	640
4730	640
2523	640
4763	641
7714	641
9303	641
9727	641
9736	641
7716	642
7489	642
7477	643
7579	643
7542	644
9314	644
7600	645
9501	645
7602	645
7543	645
9387	645
9396	645
9507	645
3608	646
7623	646
9322	646
9711	646
9494	646
9454	646
1237	647
1781	647
7622	647
9270	647
3825	647
9488	647
13558	648
13641	648
13488	648
13347	648
14435	648
10994	649
65105	649
5561	650
8512	650
5393	650
6784	650
8274	651
8197	651
6851	651
6906	651
8724	651
3796	652
3900	652
4500	652
5645	652
8043	652
11962	652
4259	652
12007	653
13816	653
7132	653
13800	653
9321	654
9639	654
9316	654
6140	655
10476	655
7195	655
13835	655
7417	655
5677	656
11398	656
12105	656
10628	656
4799	657
7497	657
7640	657
9395	657
7057	658
7075	658
6296	659
7789	659
10772	660
7238	660
11963	660
9120	661
12320	661
1901	662
8196	662
12614	662
8422	662
8879	662
9164	662
12371	662
12456	662
9072	663
12316	663
12611	663
12308	664
9215	664
9063	665
9067	665
8969	665
12413	665
8750	666
6705	666
6887	666
12579	666
9073	666
9189	666
12436	666
12485	666
8319	667
9040	667
3316	668
8291	668
8370	668
8409	668
8753	668
8263	669
12487	669
8395	670
12714	670
8501	671
1887	671
8308	671
8374	671
8459	671
8535	671
12423	671
12631	671
8633	671
8970	671
5550	671
8286	671
2820	672
8515	672
8701	672
12314	672
12622	672
5522	673
8764	673
2847	673
6769	673
12539	673
12562	673
8516	673
6850	674
8810	674
12690	674
5467	674
12613	674
12739	674
6795	675
8533	675
8574	675
1695	676
3725	676
8708	677
12723	677
7599	678
9193	678
12634	678
7175	678
8588	678
12708	678
3343	679
5495	679
3267	679
5480	679
8623	679
5558	679
3351	679
5567	679
5572	679
6857	679
8915	679
9157	679
12416	679
8992	680
12605	680
2607	681
1922	681
9187	681
8472	682
8735	682
8673	682
12860	682
5462	683
5552	683
8689	683
9105	683
5607	683
6717	683
12513	683
8757	683
9179	683
12621	683
5669	684
8669	684
12534	684
8384	685
8572	685
8208	685
5539	686
12404	686
12813	686
8246	687
6714	687
8798	687
12476	687
8941	688
8827	688
8564	688
8379	689
5579	689
9053	689
9138	689
8990	690
8294	690
8321	690
9097	690
5405	691
8540	691
12547	691
5423	692
12577	692
1835	693
3240	693
8539	694
12628	694
9086	694
8912	695
12475	695
8372	695
7363	695
8692	696
6883	696
8890	697
8664	697
8323	698
8267	698
12324	699
12346	699
1916	700
10875	700
10715	700
11097	700
6868	701
6880	701
3058	702
6699	702
12724	702
5568	703
2848	703
2875	703
3218	703
3325	703
3335	703
5433	703
5468	703
5471	703
6671	703
8324	703
8336	703
8411	703
8510	703
8663	703
8684	703
8730	703
12448	703
5573	704
6662	704
2683	705
2148	705
2643	705
5387	705
9056	705
4455	706
5774	706
7022	706
11759	706
11829	706
11943	706
5673	706
6239	706
10533	706
11099	706
14049	706
14055	706
7501	707
7525	707
9356	707
2504	707
2525	707
7524	707
7662	707
9353	707
9358	707
9371	707
9351	708
9363	708
4732	709
7689	709
4724	709
9368	709
9376	709
4702	710
4714	710
7676	711
4720	711
4703	711
9366	711
4735	711
4696	711
7490	711
9380	711
8920	712
12517	712
5564	713
5500	713
8796	713
9271	714
7563	714
9317	714
9572	714
9698	714
2895	715
2587	715
6869	715
2766	716
8901	716
8206	717
12443	717
6718	718
5602	718
8816	718
6661	719
2602	719
12684	719
1680	720
3339	720
8738	720
8958	720
12736	720
6875	720
12818	720
4631	721
4142	721
4647	721
4801	721
4810	721
2706	722
9468	722
9552	722
3409	723
9324	723
7586	724
7607	724
9267	724
9288	724
9398	724
9543	724
7721	724
7583	724
7591	724
7647	724
7704	724
7604	724
7605	724
7719	724
9266	724
9333	724
9465	724
9664	724
9672	724
9787	724
14402	725
13964	725
11767	726
8393	726
2854	727
8443	727
8440	727
8382	727
8744	727
8828	727
12685	727
12705	727
8331	727
8594	727
8402	727
8498	727
12790	727
8615	728
3312	728
8988	728
12473	729
8946	729
8826	730
12603	730
3243	730
12542	730
12459	731
12726	731
5465	732
9173	732
2905	733
4178	733
10393	733
11645	733
9127	734
12588	734
6802	734
8880	734
6886	735
9213	735
12691	735
12704	735
12809	735
8592	736
8856	736
6807	736
5597	737
8943	737
12786	737
6897	738
3273	738
3269	739
8754	739
8822	739
8980	739
12481	739
3329	740
9128	740
12541	741
12521	741
12432	741
5583	742
8211	742
12300	742
12414	742
12394	743
12535	743
12871	743
8582	744
12365	744
8761	745
9106	745
12338	745
12569	745
14313	746
14281	746
3392	747
11312	747
4319	748
11651	748
12276	748
13331	748
7418	749
7004	749
11340	749
6888	750
12494	750
8320	750
8513	750
8947	750
8326	751
12618	751
4788	752
7544	752
9290	752
13645	753
6606	753
11665	753
11247	754
11934	754
3758	755
3613	755
9506	755
5051	756
9276	756
3817	757
3956	757
10322	757
7637	758
7734	758
4433	758
9296	758
9451	758
6064	759
11172	759
3968	759
8007	759
10436	759
11888	759
14000	759
8250	760
8406	760
12449	760
8453	760
12507	760
12536	760
7980	761
13316	761
10412	762
10881	762
11751	762
10906	763
12135	763
7298	763
10531	763
4274	764
9486	764
4717	765
4796	765
7713	765
9325	766
6831	766
9559	766
4776	767
9715	767
7679	768
7514	768
7511	768
9370	768
7783	769
11044	769
14100	769
6702	770
6884	770
8343	770
12359	771
12769	771
5549	772
6751	772
8892	772
8254	772
12438	772
8455	773
8562	773
6731	774
8334	774
8846	774
12627	774
12310	775
8930	775
8264	776
5625	776
6864	776
6137	777
11637	777
11732	778
12014	778
6299	778
11970	778
11106	779
6571	779
7431	779
11126	779
6471	780
13643	780
13774	780
6726	781
6658	781
8288	781
12747	781
6803	781
6721	782
8316	782
12593	783
12788	783
11274	784
11275	784
11944	784
7498	785
4802	785
7606	785
7635	785
9336	785
7656	786
7533	786
7708	786
201	787
7617	787
4736	787
2823	787
7492	787
7702	787
9421	787
9476	787
9651	787
9752	787
10695	788
13965	788
14147	788
7939	789
32774	789
8691	790
12499	790
8997	791
12380	791
8591	792
12609	792
