# Input: ../as20graph.txt
# Nodes: 6474    Edges: 12572
# Algoritm: Clauset-Newman-Moore
# Modularity: 0.611409
# Communities: 34
# NId	CommunityId
1	0
3	0
6	0
32	0
46	0
48	0
63	0
70	0
86	0
89	0
90	0
144	0
157	0
174	0
189	0
199	0
625	0
763	0
1311	0
1668	0
1673	0
1830	0
2637	0
2685	0
2714	0
3126	0
3134	0
3360	0
3479	0
3495	0
3527	0
3578	0
3703	0
4247	0
4257	0
4278	0
4574	0
4583	0
4963	0
5662	0
5684	0
5691	0
5723	0
5736	0
5760	0
5790	0
6073	0
6139	0
6150	0
6221	0
6227	0
6300	0
6301	0
6350	0
6379	0
6425	0
6433	0
6536	0
6541	0
6555	0
6566	0
6633	0
6652	0
6932	0
6966	0
6989	0
7037	0
7047	0
7140	0
7152	0
7157	0
7170	0
7182	0
7203	0
7219	0
7269	0
7318	0
7323	0
7346	0
7355	0
7384	0
7386	0
7392	0
7426	0
7430	0
7823	0
7862	0
7923	0
8002	0
8009	0
8016	0
8017	0
8076	0
8084	0
8090	0
8091	0
8092	0
8097	0
8112	0
8113	0
8114	0
8118	0
8132	0
8146	0
8161	0
9156	0
10257	0
10266	0
10273	0
10302	0
10317	0
10355	0
10361	0
10437	0
10559	0
10581	0
10615	0
10616	0
10657	0
10700	0
10725	0
10809	0
10839	0
10934	0
11015	0
11027	0
11039	0
11086	0
11145	0
11146	0
11148	0
11207	0
11221	0
11291	0
11302	0
11324	0
11329	0
11347	0
11417	0
11435	0
11513	0
11524	0
11527	0
11552	0
11572	0
11573	0
11661	0
11710	0
11721	0
11729	0
11765	0
11784	0
11817	0
11839	0
11841	0
11855	0
11869	0
11928	0
12003	0
12013	0
12025	0
12037	0
12073	0
12079	0
12178	0
12184	0
12206	0
12208	0
12214	0
12228	0
12273	0
13315	0
13358	0
13384	0
13400	0
13461	0
13599	0
13646	0
13649	0
13716	0
13790	0
13832	0
13845	0
13850	0
13857	0
13865	0
13920	0
13942	0
14098	0
14150	0
690	0
1294	0
1663	0
1666	0
2140	0
2749	0
3799	0
3957	0
4314	0
4444	0
4543	0
4596	0
5939	0
6404	0
6948	0
7165	0
7301	0
10337	0
10339	0
10499	0
11123	0
11376	0
11494	0
11605	0
11635	0
11649	0
11667	0
11790	0
11866	0
11982	0
12018	0
12027	0
12128	0
12142	0
12180	0
12238	0
13496	0
13541	0
13608	0
13633	0
13741	0
13837	0
13883	0
13963	0
568	0
7774	0
13553	0
13841	0
3424	0
555	0
721	0
5651	0
6243	0
6311	0
7283	0
10690	0
11868	0
1742	0
10722	0
10962	0
11479	0
13387	0
13924	0
3364	0
3594	0
5675	0
7997	0
10254	0
13523	0
13	0
22	0
83	0
84	0
132	0
149	0
175	0
252	0
298	0
303	0
374	0
523	0
592	0
1242	0
1260	0
1453	0
1455	0
1456	0
1485	0
1503	0
1655	0
3520	0
5058	0
5264	0
5856	0
5957	0
5976	0
1698	0
2688	0
3080	0
5680	0
5681	0
7288	0
1321	0
1323	0
1324	0
1326	0
1327	0
1328	0
1329	0
1330	0
1331	0
1332	0
1333	0
1667	0
1670	0
1672	0
1674	0
1677	0
1687	0
77	0
10256	0
13489	0
11990	0
2752	0
8973	0
3403	0
4472	0
4547	0
6654	0
10441	0
11313	0
13395	0
13921	0
13398	0
1263	0
10489	0
11762	0
13653	0
14297	0
268	0
11149	0
1682	0
2056	0
10593	0
10681	0
65051	0
8065	0
213	0
5855	0
5881	0
2839	0
37	0
139	0
219	0
222	0
255	0
272	0
395	0
398	0
400	0
412	0
422	0
424	0
440	0
467	0
497	0
637	0
638	0
745	0
765	0
767	0
999	0
1317	0
1451	0
1452	0
1458	0
1459	0
1460	0
1462	0
1464	0
1466	0
1471	0
1472	0
1474	0
1475	0
1476	0
1477	0
1480	0
1482	0
1488	0
1489	0
1491	0
1492	0
1494	0
1498	0
1499	0
1504	0
1505	0
1507	0
1521	0
1527	0
1531	0
1533	0
1590	0
1591	0
1598	0
1727	0
1874	0
1904	0
1914	0
1959	0
2046	0
3146	0
3475	0
4123	0
5109	0
5180	0
5181	0
5927	0
5954	0
5961	0
5962	0
5972	0
5974	0
6000	0
6595	0
227	0
724	0
619	0
635	0
747	0
1600	0
1602	0
1637	0
1649	0
1985	0
1989	0
5303	0
5872	0
5958	0
1733	0
1913	0
5978	0
2721	0
385	0
1556	0
1559	0
1562	0
1564	0
1569	0
1580	0
1589	0
1984	0
2632	0
2746	0
5256	0
5839	0
772	0
1665	0
1675	0
1697	0
3394	0
11923	0
1461	0
5295	0
3916	0
10299	0
1657	0
1660	0
10519	0
1695	0
7865	0
3725	0
6462	0
1662	0
2559	0
3358	0
8252	0
14308	0
8601	0
33	1
202	1
226	1
293	1
297	1
600	1
668	1
1746	1
2041	1
2497	1
2511	1
2828	1
2914	1
3356	1
3491	1
3720	1
3847	1
3914	1
3932	1
3967	1
4006	1
4355	1
4436	1
4527	1
4544	1
4565	1
5000	1
5646	1
5727	1
6113	1
6261	1
6320	1
6453	1
6461	1
6467	1
6716	1
7193	1
7374	1
7473	1
8137	1
8959	1
10487	1
11285	1
13498	1
703	1
715	1
1280	1
2516	1
3407	1
3462	1
3557	1
3563	1
4136	1
4183	1
4496	1
4540	1
4637	1
4694	1
4722	1
4969	1
5670	1
5705	1
6066	1
6163	1
6335	1
6345	1
6365	1
6395	1
6405	1
6623	1
6660	1
6921	1
7014	1
7019	1
7194	1
7336	1
7515	1
7922	1
8011	1
8175	1
8960	1
9269	1
9739	1
10265	1
10275	1
10368	1
10461	1
10944	1
11233	1
11388	1
11908	1
11992	1
12076	1
97	1
103	1
234	1
237	1
683	1
1778	1
2568	1
2905	1
3066	1
3130	1
3396	1
3727	1
3783	1
3807	1
3819	1
3838	1
3933	1
3946	1
3951	1
4134	1
4258	1
4912	1
5081	1
5637	1
6079	1
6259	1
6326	1
6358	1
6402	1
6427	1
6481	1
6493	1
6561	1
6577	1
6939	1
6942	1
7086	1
7091	1
7118	1
7599	1
7911	1
7960	1
7964	1
8028	1
10279	1
10602	1
10686	1
10836	1
11018	1
11076	1
11110	1
11186	1
11205	1
11303	1
11517	1
11608	1
11837	1
11874	1
12050	1
12106	1
12266	1
13340	1
13557	1
13691	1
13826	1
13884	1
14088	1
14402	1
378	1
3789	1
3856	1
4555	1
5726	1
6123	1
6200	1
6368	1
6902	1
6992	1
7397	1
10244	1
4553	1
16	1
25	1
31	1
38	1
45	1
68	1
160	1
188	1
291	1
292	1
693	1
1842	1
1852	1
2505	1
2640	1
3128	1
3152	1
3380	1
3428	1
3429	1
3431	1
3671	1
6406	1
7539	1
7610	1
10764	1
11135	1
11422	1
14101	1
3662	1
4459	1
4651	1
4755	1
4761	1
4765	1
4799	1
6648	1
7526	1
9418	1
9557	1
10396	1
4274	1
4780	1
9430	1
11919	1
2498	1
2500	1
2510	1
2513	1
2514	1
2515	1
2518	1
2519	1
2521	1
2526	1
2527	1
2554	1
2687	1
2907	1
2915	1
4197	1
4672	1
4673	1
4677	1
4678	1
4680	1
4681	1
4682	1
4688	1
4689	1
4691	1
4692	1
4702	1
4704	1
4713	1
4716	1
4723	1
4725	1
4732	1
4774	1
4777	1
7500	1
7501	1
7516	1
7518	1
7519	1
7521	1
7522	1
7531	1
7664	1
7668	1
7670	1
7671	1
7672	1
7673	1
7676	1
7679	1
7682	1
7685	1
7691	1
7811	1
9364	1
9365	1
6367	1
7497	1
7643	1
8781	1
10772	1
2042	1
4631	1
4793	1
7696	1
9499	1
10684	1
752	1
3734	1
3925	1
4058	1
4352	1
4645	1
4654	1
4657	1
4743	1
4775	1
4778	1
6936	1
7380	1
7468	1
7482	1
7581	1
7735	1
7783	1
7784	1
7961	1
8121	1
9448	1
9671	1
10245	1
10811	1
10993	1
11414	1
11545	1
11697	1
12008	1
13446	1
13861	1
13867	1
4198	1
10743	1
1850	1
4319	1
4609	1
4618	1
4621	1
4628	1
4741	1
4776	1
4803	1
5610	1
6639	1
6677	1
7470	1
7491	1
7568	1
7928	1
8346	1
8452	1
8460	1
9050	1
9155	1
9304	1
9474	1
9505	1
9534	1
10307	1
11081	1
11166	1
12385	1
12455	1
12524	1
12632	1
12880	1
14166	1
14179	1
14453	1
5641	1
4276	1
7233	1
762	1
5671	1
5740	1
6317	1
6489	1
6525	1
6982	1
8010	1
8059	1
8179	1
10439	1
10753	1
11024	1
13410	1
14313	1
14355	1
4989	1
10445	1
10475	1
11444	1
11672	1
9425	1
797	1
2381	1
3581	1
3845	1
5700	1
6136	1
6214	1
6349	1
6496	1
7326	1
7660	1
10601	1
10692	1
10768	1
11044	1
11526	1
11689	1
127	1
4554	1
5655	1
6508	1
10596	1
5384	1
8961	1
3718	1
4378	1
6621	1
7045	1
7750	1
10701	1
11222	1
13385	1
8001	1
5088	1
6354	1
6416	1
6565	1
7280	1
10703	1
10784	1
11216	1
13910	1
14245	1
14246	1
5503	1
8647	1
6182	1
7962	1
7985	1
11551	1
14387	1
3758	1
24	1
41	1
270	1
288	1
1254	1
1749	1
1843	1
159	1
3112	1
11777	1
2274	1
2532	1
11179	1
7270	1
3110	1
6472	1
7044	1
7436	1
10289	1
11209	1
13580	1
173	1
7825	1
11965	1
6187	1
4	1
47	1
131	1
299	1
6106	1
151	1
2008	1
2706	1
2772	1
4610	1
4611	1
4614	1
4623	1
4627	1
4641	1
4644	1
4655	1
4656	1
4748	1
4760	1
5085	1
7479	1
7483	1
7484	1
7499	1
7565	1
7577	1
7578	1
7589	1
7646	1
7695	1
9420	1
9440	1
9444	1
9504	1
9584	1
9590	1
9653	1
9658	1
9666	1
9729	1
9742	1
5099	1
8952	1
7634	1
9292	1
9719	1
4624	1
4639	1
4650	1
4658	1
4764	1
4773	1
4849	1
7471	1
7540	1
7651	1
7659	1
9293	1
9409	1
9502	1
9655	1
9660	1
9665	1
4709	1
4728	1
7506	1
7513	1
7669	1
9374	1
4683	1
4711	1
4719	1
7503	1
7512	1
7514	1
7683	1
7686	1
7689	1
9352	1
4747	1
4781	1
4782	1
4783	1
7534	1
7535	1
7541	1
9283	1
9312	1
9415	1
9416	1
9450	1
9674	1
9680	1
9749	1
9785	1
9372	1
3084	1
4686	1
4693	1
4720	1
9359	1
9369	1
9435	1
8366	1
2524	1
4675	1
4724	1
7523	1
7525	1
7529	1
7661	1
7665	1
7690	1
9356	1
9362	1
8202	1
8897	1
4685	1
4703	1
4758	1
7306	1
7527	1
7667	1
7678	1
8375	1
9497	1
7177	1
8115	1
13662	1
229	1
10797	1
6289	1
10629	1
11308	1
3460	1
14031	1
13394	1
4729	1
7472	1
9419	1
9434	1
6260	1
12070	1
13944	1
13960	1
14228	1
5712	1
7238	1
5686	1
13858	1
11782	1
10742	1
13406	1
3686	1
10744	1
3363	1
4142	1
4158	1
7650	1
7722	1
9366	1
9513	1
9714	1
9732	1
7674	1
9515	1
11158	1
13495	1
4432	1
4560	1
7216	1
11747	1
13442	1
7226	1
12066	1
9747	1
9498	1
9520	1
2501	1
2503	1
2504	1
2506	1
2508	1
2520	1
4730	1
4808	1
7640	1
9395	1
4434	1
4795	1
4800	1
11963	1
4109	1
3136	1
4717	1
9367	1
2525	1
7502	1
7524	1
7662	1
9353	1
9358	1
9371	1
2522	1
3488	1
3510	1
9355	1
4695	1
7511	1
2512	1
4708	1
9351	1
9354	1
9363	1
4684	1
4707	1
4710	1
8069	1
7530	1
9368	1
9376	1
4700	1
4735	1
7663	1
4662	1
9536	1
4714	1
7677	1
2523	1
4767	1
4796	1
4696	1
7490	1
9380	1
3550	1
7699	1
9410	1
9441	1
9442	1
9583	1
9350	1
9468	1
9552	1
10773	1
11481	1
13420	1
13421	1
13422	1
13964	1
4178	1
10393	1
11645	1
14281	1
3661	1
4528	1
4605	1
4616	1
7656	1
9554	1
11651	1
12276	1
7487	1
7613	1
7616	1
7636	1
7654	1
7715	1
9315	1
9744	1
7485	1
3613	1
9506	1
3839	1
4762	1
9411	1
4647	1
4801	1
4810	1
9486	1
13331	1
4855	1
7713	1
9386	1
9789	1
7582	1
4759	1
9475	1
9715	1
7480	1
7533	1
7538	1
7649	1
7710	1
9370	1
9472	1
9346	1
9675	1
7478	1
9657	1
14100	1
7708	1
71	2
3796	2
4010	2
5650	2
6352	2
7284	2
7410	2
8120	2
10406	2
10558	2
10928	2
2015	2
2033	2
4372	2
4539	2
5048	2
5076	2
5097	2
5697	2
5756	2
6178	2
6302	2
6347	2
6410	2
6521	2
6620	2
7078	2
7113	2
7168	2
7767	2
7859	2
7881	2
8077	2
8158	2
10422	2
10539	2
10789	2
10791	2
10800	2
10989	2
11016	2
11152	2
11239	2
11319	2
11471	2
11588	2
11755	2
11774	2
11789	2
11798	2
11953	2
12053	2
12221	2
12237	2
13417	2
13435	2
13614	2
13689	2
13693	2
13710	2
13740	2
13770	2
13973	2
14082	2
14139	2
14151	2
14194	2
14315	2
6108	2
6344	2
10973	2
11142	2
11323	2
12078	2
12204	2
13333	2
13369	2
14206	2
7011	2
3998	2
5698	2
7071	2
7258	2
7951	2
10930	2
11168	2
11190	2
11330	2
11549	2
11622	2
11976	2
10496	2
10815	2
11741	2
613	2
1787	2
3513	2
4471	2
5676	2
10444	2
10855	2
10920	2
11223	2
11359	2
11483	2
11811	2
13366	2
13726	2
13885	2
13948	2
14025	2
1694	2
7344	2
7439	2
7949	2
10621	2
10985	2
14140	2
10538	2
6109	2
11215	2
11539	2
14125	2
7742	2
10260	2
10323	2
10345	2
10573	2
11470	2
11586	2
7829	2
3588	2
4179	2
10689	2
11282	2
11687	2
4167	2
4367	2
4997	2
5746	2
6114	2
6137	2
6188	2
6510	2
6540	2
10587	2
10918	2
11071	2
11208	2
11274	2
11292	2
11406	2
11950	2
12165	2
13409	2
13563	2
13818	2
13946	2
14440	2
13493	2
210	2
10267	2
11106	2
11766	2
13328	2
7752	2
11543	2
12250	2
13631	2
11275	2
7104	2
11133	2
11251	2
12137	2
13721	2
10501	2
13513	2
14066	2
8149	2
11668	2
6571	2
7012	2
13396	2
13658	2
13763	2
13990	2
13749	2
2044	2
4943	2
5086	2
6144	2
6428	2
7097	2
7431	2
7737	2
7869	2
8180	2
10492	2
10510	2
10710	2
10749	2
10950	2
11020	2
11070	2
11553	2
12253	2
13416	2
13467	2
13573	2
13654	2
13893	2
14079	2
14171	2
14229	2
14293	2
14431	2
14517	2
11662	2
11637	2
12115	2
11126	2
11944	2
109	3
200	3
701	3
2548	3
2551	3
4454	3
4911	3
5779	3
6201	3
6316	3
6432	3
6469	3
7021	3
7161	3
7754	3
8015	3
10506	3
10536	3
10750	3
10794	3
10827	3
10910	3
10911	3
10913	3
11104	3
11853	3
11854	3
12007	3
12179	3
13755	3
49	3
80	3
140	3
557	3
559	3
646	3
1744	3
1982	3
2003	3
2011	3
2019	3
2052	3
2150	3
2163	3
2379	3
2647	3
2648	3
2697	3
2712	3
2901	3
3079	3
3104	3
3113	3
3378	3
3451	3
3554	3
3569	3
3623	3
3670	3
3739	3
3751	3
3803	3
3816	3
3831	3
3850	3
3855	3
3950	3
3955	3
4151	3
4195	3
4277	3
4286	3
4306	3
4307	3
4313	3
4364	3
4390	3
4452	3
4455	3
4456	3
4465	3
4515	3
4519	3
4530	3
4536	3
4546	3
4566	3
4569	3
4573	3
4587	3
4922	3
4952	3
4958	3
4960	3
4966	3
4977	3
4986	3
4996	3
5002	3
5009	3
5015	3
5049	3
5055	3
5079	3
5080	3
5108	3
5113	3
5533	3
5540	3
5580	3
5642	3
5703	3
5706	3
5750	3
5752	3
5757	3
5762	3
5774	3
5778	3
5789	3
5798	3
5977	3
6071	3
6091	3
6095	3
6103	3
6128	3
6130	3
6179	3
6197	3
6198	3
6203	3
6233	3
6234	3
6249	3
6254	3
6266	3
6283	3
6295	3
6297	3
6303	3
6315	3
6321	3
6331	3
6334	3
6372	3
6380	3
6382	3
6383	3
6384	3
6385	3
6387	3
6388	3
6411	3
6419	3
6423	3
6430	3
6437	3
6448	3
6468	3
6474	3
6477	3
6479	3
6532	3
6533	3
6544	3
6554	3
6569	3
6570	3
6582	3
6588	3
6589	3
6614	3
6619	3
6629	3
6644	3
6912	3
6913	3
6933	3
6938	3
6973	3
6975	3
6991	3
7016	3
7022	3
7023	3
7029	3
7035	3
7041	3
7042	3
7046	3
7064	3
7087	3
7089	3
7115	3
7131	3
7144	3
7147	3
7148	3
7183	3
7206	3
7220	3
7256	3
7281	3
7296	3
7317	3
7324	3
7334	3
7343	3
7354	3
7360	3
7372	3
7395	3
7420	3
7425	3
7434	3
7442	3
7453	3
7458	3
7466	3
7629	3
7731	3
7741	3
7744	3
7753	3
7762	3
7764	3
7766	3
7770	3
7772	3
7785	3
7799	3
7809	3
7819	3
7833	3
7837	3
7891	3
7892	3
7894	3
7895	3
7959	3
8006	3
8012	3
8023	3
8038	3
8060	3
8061	3
8062	3
8063	3
8079	3
8082	3
8087	3
8088	3
8100	3
8126	3
8129	3
8130	3
8136	3
8154	3
8156	3
8164	3
8172	3
8182	3
8751	3
8814	3
8837	3
8895	3
9071	3
9512	3
9548	3
9656	3
10251	3
10271	3
10288	3
10296	3
10342	3
10347	3
10363	3
10367	3
10382	3
10383	3
10404	3
10409	3
10419	3
10424	3
10431	3
10434	3
10440	3
10457	3
10459	3
10467	3
10469	3
10503	3
10512	3
10515	3
10532	3
10534	3
10541	3
10552	3
10553	3
10564	3
10571	3
10576	3
10584	3
10613	3
10614	3
10633	3
10647	3
10655	3
10669	3
10672	3
10674	3
10683	3
10724	3
10731	3
10738	3
10741	3
10745	3
10754	3
10760	3
10762	3
10769	3
10780	3
10782	3
10788	3
10805	3
10825	3
10826	3
10829	3
10830	3
10831	3
10835	3
10838	3
10843	3
10849	3
10851	3
10866	3
10873	3
10882	3
10907	3
10917	3
10926	3
10939	3
10960	3
10970	3
10991	3
11009	3
11035	3
11040	3
11041	3
11074	3
11080	3
11092	3
11111	3
11132	3
11137	3
11144	3
11155	3
11160	3
11163	3
11174	3
11176	3
11178	3
11189	3
11195	3
11202	3
11204	3
11210	3
11211	3
11212	3
11225	3
11226	3
11232	3
11240	3
11241	3
11246	3
11250	3
11298	3
11299	3
11305	3
11346	3
11349	3
11350	3
11355	3
11364	3
11377	3
11389	3
11395	3
11407	3
11412	3
11429	3
11437	3
11454	3
11462	3
11466	3
11473	3
11474	3
11486	3
11487	3
11496	3
11538	3
11542	3
11548	3
11550	3
11570	3
11574	3
11578	3
11584	3
11587	3
11591	3
11595	3
11616	3
11624	3
11636	3
11641	3
11655	3
11658	3
11664	3
11676	3
11691	3
11718	3
11723	3
11728	3
11733	3
11737	3
11759	3
11768	3
11775	3
11813	3
11826	3
11829	3
11831	3
11849	3
11852	3
11875	3
11877	3
11897	3
11900	3
11910	3
11911	3
11935	3
11939	3
11943	3
11952	3
11959	3
11964	3
11972	3
11979	3
11981	3
11991	3
11996	3
12010	3
12023	3
12041	3
12054	3
12062	3
12087	3
12097	3
12122	3
12127	3
12151	3
12160	3
12164	3
12194	3
12197	3
12199	3
12218	3
12242	3
12246	3
12251	3
12275	3
12491	3
12497	3
13312	3
13321	3
13322	3
13323	3
13330	3
13335	3
13339	3
13360	3
13368	3
13378	3
13380	3
13382	3
13386	3
13432	3
13434	3
13449	3
13455	3
13456	3
13462	3
13471	3
13500	3
13512	3
13532	3
13534	3
13537	3
13539	3
13570	3
13576	3
13588	3
13596	3
13602	3
13612	3
13621	3
13622	3
13625	3
13626	3
13659	3
13677	3
13678	3
13680	3
13694	3
13703	3
13707	3
13713	3
13727	3
13743	3
13753	3
13756	3
13765	3
13779	3
13784	3
13793	3
13812	3
13813	3
13816	3
13817	3
13833	3
13848	3
13851	3
13868	3
13877	3
13896	3
13898	3
13906	3
13916	3
13925	3
13927	3
13931	3
13947	3
13952	3
13954	3
13976	3
13983	3
14010	3
14032	3
14034	3
14037	3
14039	3
14063	3
14067	3
14109	3
14114	3
14120	3
14127	3
14133	3
14154	3
14158	3
14168	3
14196	3
14205	3
14219	3
14276	3
14279	3
14290	3
14292	3
14325	3
14327	3
14341	3
14352	3
14356	3
14379	3
14394	3
14418	3
14439	3
14447	3
14462	3
14506	3
14507	3
7773	3
10714	3
11363	3
11476	3
11490	3
5673	3
1829	3
3700	3
4181	3
6534	3
9751	3
10405	3
11288	3
11740	3
12065	3
12243	3
13359	3
13458	3
13483	3
7370	3
11066	3
11563	3
13391	3
13748	3
13758	3
14076	3
1784	3
3735	3
4203	3
6140	3
7132	3
10246	3
11196	3
11530	3
11820	3
13482	3
13736	3
13739	3
13840	3
6360	3
8174	3
10711	3
10297	3
27	3
685	3
2897	3
3144	3
3707	3
3708	3
6059	3
7093	3
7416	3
7802	3
7877	3
7958	3
7968	3
8083	3
8185	3
8189	3
8191	3
10667	3
10737	3
10775	3
10908	3
10942	3
10958	3
10997	3
11019	3
11043	3
11055	3
11153	3
11261	3
11396	3
11410	3
11461	3
11569	3
11763	3
11851	3
11879	3
11893	3
11903	3
11962	3
12011	3
12019	3
12064	3
12131	3
13342	3
13344	3
13347	3
13729	3
13810	3
13972	3
13998	3
14399	3
14523	3
7098	3
13503	3
10594	3
714	3
6394	3
11594	3
11886	3
11957	3
13362	3
13724	3
14099	3
12227	3
13526	3
5754	3
6435	3
12006	3
12213	3
10959	3
6199	3
10935	3
11371	3
6484	3
11695	3
13795	3
11143	3
7169	3
7455	3
7736	3
11362	3
11442	3
11867	3
12000	3
12157	3
13566	3
13821	3
14074	3
13499	3
13953	3
13737	3
6996	3
10864	3
11263	3
11374	3
11682	3
12268	3
10448	3
10886	3
102	3
11131	3
4302	3
5324	3
1335	3
11173	3
4941	3
5072	3
8166	3
11942	3
12029	3
3996	3
10953	3
11477	3
3464	3
13554	3
10476	3
12883	3
7910	3
10598	3
9299	3
10294	3
8046	3
11995	3
14263	3
11047	3
11034	3
11281	3
3369	3
11918	3
9633	3
3603	3
11053	3
11237	3
11842	3
64333	3
3244	3
12442	3
13928	3
9728	3
8145	3
11884	3
13800	3
7195	3
13835	3
10781	3
3605	3
2018	3
6239	3
10533	3
11099	3
14049	3
14055	3
7417	3
201	4
4648	4
3840	4
4786	4
4854	4
7469	4
7474	4
7498	4
7545	4
7617	4
1221	4
7586	4
4768	4
7637	4
9718	4
7657	4
7542	4
9623	4
681	4
4770	4
9325	4
9343	4
9345	4
9443	4
9469	4
9503	4
4736	4
4805	4
2764	4
2823	4
4634	4
4739	4
4740	4
4742	4
4744	4
4752	4
4763	4
4797	4
4807	4
4860	4
7175	4
7475	4
7486	4
7496	4
7556	4
7566	4
7567	4
7580	4
7607	4
7611	4
7644	4
7716	4
7718	4
9261	4
9267	4
9278	4
9288	4
9300	4
9302	4
9328	4
9332	4
9398	4
9424	4
9429	4
9460	4
9462	4
9463	4
9481	4
9517	4
9518	4
9540	4
9543	4
9544	4
9547	4
9555	4
9650	4
9716	4
9717	4
9720	4
9721	4
9746	4
9748	4
4738	4
4794	4
4804	4
7476	4
7477	4
7569	4
7570	4
7571	4
7572	4
7573	4
7574	4
7585	4
7603	4
7632	4
7721	4
9268	4
9279	4
9280	4
9285	4
9295	4
9298	4
9313	4
9342	4
9382	4
9384	4
9408	4
9412	4
9426	4
9438	4
9447	4
9477	4
9480	4
9482	4
9484	4
9509	4
9550	4
9553	4
9564	4
9624	4
9661	4
9668	4
9723	4
4433	4
7492	4
7702	4
9421	4
9476	4
9651	4
4802	4
7606	4
7694	4
9446	4
9461	4
9496	4
7600	4
9501	4
7598	4
9265	4
6831	4
7714	4
9303	4
9727	4
9731	4
9736	4
3409	4
7489	4
7555	4
7579	4
7583	4
7591	4
7602	4
7628	4
7631	4
7647	4
7648	4
7652	4
7703	4
7704	4
9262	4
9282	4
9284	4
9314	4
9585	4
7543	4
7584	4
9427	4
9428	4
9500	4
9324	4
7604	4
7605	4
7719	4
9266	4
9333	4
9465	4
9664	4
9672	4
9787	4
9338	4
9431	4
9432	4
9433	4
9436	4
9470	4
9495	4
9511	4
9750	4
9296	4
9451	4
9387	4
9396	4
9507	4
9559	4
7635	4
9336	4
9752	4
209	5
1236	5
1740	5
2024	5
5006	5
5693	5
5696	5
5737	5
6172	5
6607	5
6650	5
6995	5
7062	5
7128	5
7756	5
7800	5
10377	5
10719	5
10946	5
11147	5
11188	5
11485	5
12134	5
12207	5
12209	5
12211	5
12216	5
13506	5
13789	5
13806	5
14473	5
1832	5
2711	5
2941	5
3087	5
3680	5
3733	5
4045	5
4309	5
4374	5
4376	5
4521	5
4923	5
5024	5
5093	5
6062	5
6104	5
6319	5
6485	5
6499	5
6506	5
6601	5
6653	5
6949	5
7053	5
7178	5
7215	5
7332	5
7358	5
7778	5
7792	5
7832	5
7900	5
7902	5
7915	5
8022	5
8058	5
8085	5
8188	5
10305	5
10334	5
10379	5
10389	5
10416	5
10447	5
10484	5
10514	5
10648	5
10721	5
10853	5
10894	5
10916	5
10967	5
10971	5
10975	5
10995	5
11030	5
11057	5
11094	5
11118	5
11159	5
11220	5
11238	5
11244	5
11320	5
11368	5
11369	5
11393	5
11509	5
11515	5
11609	5
11627	5
11640	5
11734	5
11739	5
11795	5
11823	5
11850	5
11927	5
12028	5
12056	5
12100	5
12196	5
12261	5
13372	5
13393	5
13444	5
13494	5
13545	5
13547	5
13593	5
13624	5
13782	5
13819	5
13930	5
13967	5
13969	5
14047	5
14051	5
14075	5
14195	5
14237	5
14397	5
14486	5
88	5
6971	5
7929	5
8159	5
10708	5
11045	5
11387	5
11646	5
11787	5
11954	5
12186	5
12247	5
13548	5
8018	5
195	5
217	5
6081	5
6994	5
7024	5
10314	5
10326	5
10516	5
10818	5
11003	5
11061	5
11067	5
11248	5
11267	5
11629	5
11713	5
11793	5
11904	5
11924	5
12033	5
12132	5
12224	5
13376	5
13403	5
13427	5
13433	5
13473	5
13481	5
13702	5
13772	5
13892	5
14054	5
14107	5
14146	5
14374	5
196	5
4266	5
7424	5
7884	5
11021	5
11170	5
11560	5
11812	5
11894	5
12229	5
13436	5
1341	5
3362	5
3385	5
6138	5
6918	5
7143	5
7938	5
8073	5
8119	5
10435	5
10609	5
10810	5
11199	5
11576	5
11859	5
13464	5
14103	5
14239	5
5679	5
1998	5
6924	5
7263	5
7973	5
8148	5
10386	5
10765	5
10878	5
10879	5
10968	5
11401	5
11544	5
12042	5
12283	5
13367	5
13684	5
4324	5
6434	5
6598	5
6640	5
11182	5
11501	5
11582	5
13518	5
1808	5
3365	5
4358	5
5773	5
6603	5
7359	5
7755	5
7807	5
10654	5
10823	5
10887	5
10943	5
10990	5
11345	5
11370	5
11547	5
11671	5
11858	5
11878	5
11978	5
11983	5
12210	5
12212	5
12284	5
13706	5
13808	5
13956	5
700	5
2571	5
2715	5
3762	5
4263	5
4265	5
7377	5
7760	5
7856	5
9264	5
10583	5
10666	5
10868	5
11075	5
11078	5
11187	5
11596	5
11683	5
11980	5
11985	5
12147	5
13423	5
13540	5
13738	5
13777	5
14275	5
14359	5
11864	5
10746	5
10766	5
11385	5
11434	5
11862	5
12265	5
13389	5
13465	5
13484	5
13520	5
13610	5
13617	5
13692	5
13771	5
104	5
194	5
5665	5
5716	5
6102	5
6355	5
6375	5
6967	5
7201	5
8049	5
8051	5
11069	5
11264	5
11296	5
11967	5
12035	5
12036	5
12074	5
12205	5
12233	5
13313	5
13388	5
13408	5
13475	5
13529	5
13561	5
13604	5
13651	5
13661	5
13683	5
13701	5
13766	5
13781	5
13799	5
13803	5
13827	5
13904	5
13932	5
13939	5
13951	5
14018	5
14052	5
14175	5
14188	5
14189	5
14353	5
14369	5
14375	5
14427	5
14484	5
11871	5
3669	5
11054	5
10372	5
11696	5
7925	5
12240	5
11336	5
5682	5
13555	5
1227	5
1909	5
2641	5
10927	5
7888	5
2939	5
13982	5
11480	5
3743	5
13415	5
11289	5
12230	5
11404	5
13759	5
286	6
1800	6
1833	6
2110	6
2856	6
3209	6
3257	6
3292	6
3303	6
4000	6
5390	6
5413	6
5462	6
6553	6
6774	6
6847	6
7176	6
8750	6
8918	6
8938	6
11341	6
702	6
1755	6
2917	6
3286	6
3300	6
5089	6
5496	6
5552	6
5594	6
6067	6
6195	6
6745	6
8210	6
9010	6
12328	6
3320	6
5409	6
5511	6
5669	6
513	6
517	6
790	6
1136	6
1273	6
1290	6
1836	6
1889	6
1891	6
1897	6
1899	6
1903	6
2116	6
2134	6
2819	6
3220	6
3304	6
3324	6
3327	6
3333	6
5388	6
5459	6
5474	6
6205	6
6879	6
8297	6
9057	6
9208	6
12424	6
12430	6
12472	6
13987	6
1103	6
1275	6
2603	6
5400	6
5466	6
6813	6
8680	6
10813	6
6742	6
8903	6
2529	6
1257	6
1877	6
1879	6
1880	6
1881	6
2863	6
3336	6
6855	6
6905	6
2686	6
8354	6
5378	6
8586	6
9191	6
10627	6
12635	6
9193	6
786	6
3249	6
5430	6
6661	6
6771	6
8220	6
8272	6
12302	6
9143	6
2871	6
5535	6
8209	6
8612	6
9195	6
12394	6
8228	6
5418	6
8218	6
8355	6
3330	6
5385	6
5427	6
5549	6
6735	6
6848	6
8319	6
8333	6
8413	6
8638	6
8843	6
8992	6
12306	6
12407	6
12457	6
5432	6
8332	6
1849	6
4983	6
5631	6
6656	6
6870	6
6871	6
8068	6
8250	6
8435	6
8613	6
8635	6
8681	6
8689	6
8718	6
8743	6
9090	6
4269	6
1299	6
8532	6
8979	6
14011	6
2611	6
5399	6
5401	6
5419	6
5424	6
5571	6
6675	6
6728	6
6893	6
8196	6
8227	6
8251	6
8289	6
8309	6
8327	6
8391	6
8426	6
8469	6
8477	6
8553	6
8582	6
8648	6
8853	6
8954	6
8975	6
8977	6
9013	6
9030	6
9145	6
9161	6
9197	6
12308	6
12339	6
12352	6
12392	6
12450	6
12488	6
12518	6
12520	6
12666	6
12670	6
12694	6
8709	6
5622	6
6756	6
6772	6
8231	6
8237	6
8281	6
8368	6
8408	6
8437	6
8659	6
8667	6
8729	6
8736	6
8802	6
8845	6
9025	6
9042	6
9044	6
9078	6
9096	6
9108	6
9177	6
12307	6
12333	6
12368	6
12387	6
12511	6
12620	6
12649	6
12750	6
12772	6
12776	6
1140	6
1759	6
1890	6
3246	6
5381	6
5519	6
5551	6
6765	6
6785	6
6805	6
8198	6
8259	6
8608	6
8914	6
9027	6
6705	6
8627	6
2131	6
5392	6
5597	6
6666	6
8373	6
8520	6
8549	6
8560	6
8575	6
8602	6
8607	6
8649	6
8763	6
8767	6
8792	6
8794	6
8823	6
8862	6
8932	6
8939	6
8986	6
9007	6
9072	6
9105	6
9170	6
12288	6
12419	6
12422	6
12447	6
12466	6
12470	6
12512	6
12581	6
12612	6
12664	6
12830	6
4589	6
5607	6
6659	6
6727	6
6763	6
12554	6
12606	6
8785	6
6859	6
3215	6
2109	6
3272	6
5624	6
6730	6
6834	6
8650	6
8881	6
8989	6
9167	6
12461	6
12483	6
12546	6
12633	6
12834	6
1270	6
3211	6
6900	6
12420	6
3328	6
6362	6
10348	6
3615	6
6826	6
9022	6
12388	6
12415	6
8421	6
8686	6
8871	6
9169	6
12378	6
12473	6
12661	6
6717	6
12513	6
3344	6
8215	6
2874	6
5465	6
5509	6
5583	6
6719	6
6743	6
6779	6
6852	6
6873	6
6897	6
7984	6
7994	6
8280	6
8284	6
8406	6
8593	6
9478	6
5410	6
6758	6
8072	6
8255	6
8312	6
8399	6
8494	6
8677	6
8723	6
8799	6
8839	6
8874	6
8891	6
8948	6
9098	6
9210	6
12303	6
12366	6
12395	6
12412	6
12523	6
12600	6
12601	6
12642	6
12733	6
12826	6
12864	6
7	6
8933	6
72	6
3305	6
6757	6
6830	6
8468	6
8773	6
12370	6
12421	6
12530	6
6804	6
6904	6
8304	6
8527	6
8784	6
8964	6
1104	6
1126	6
1200	6
1888	6
5506	6
12634	6
1653	6
2047	6
2822	6
3228	6
3259	6
3265	6
3917	6
5434	6
5463	6
5481	6
5499	6
5512	6
5577	6
5589	6
5590	6
6696	6
6835	6
8195	6
8199	6
8221	6
8224	6
8243	6
8266	6
8277	6
8394	6
8404	6
8434	6
8473	6
8497	6
8528	6
8542	6
8640	6
8703	6
8733	6
8747	6
8758	6
8801	6
8807	6
8833	6
8883	6
8893	6
8974	6
8984	6
8993	6
9019	6
9055	6
9092	6
9109	6
9194	6
9214	6
12234	6
12479	6
12493	6
12532	6
12553	6
12651	6
12688	6
12715	6
12720	6
766	6
1213	6
2107	6
2602	6
2852	6
2486	6
3262	6
3342	6
5557	6
5559	6
5587	6
5611	6
5621	6
6695	6
6751	6
8213	6
8271	6
8311	6
8481	6
8493	6
8546	6
8653	6
8656	6
8741	6
8761	6
8968	6
9026	6
9043	6
9106	6
9142	6
9192	6
12322	6
12359	6
12386	6
12449	6
12482	6
12496	6
12701	6
12703	6
1902	6
2607	6
3248	6
5403	6
5405	6
5407	6
5423	6
5539	6
5578	6
5588	6
5604	6
5628	6
5629	6
6706	6
6740	6
6754	6
6761	6
6862	6
6887	6
8257	6
8377	6
8379	6
8397	6
8472	6
8514	6
8525	6
8526	6
8740	6
8787	6
8913	6
9004	6
9080	6
12357	6
12552	6
12570	6
12721	6
3083	6
8539	6
8928	6
9084	6
12349	6
12471	6
12596	6
8651	6
2199	6
2471	6
6752	6
12435	6
9150	6
6894	6
224	6
1835	6
3255	6
8674	6
5417	6
5615	6
8483	6
8737	6
8840	6
8873	6
2818	6
8851	6
3745	6
6710	6
8384	6
8569	6
8687	6
12331	6
12337	6
12404	6
12480	6
12503	6
2612	6
6732	6
1137	6
2043	6
8232	6
9065	6
8201	6
8270	6
8296	6
8476	6
9031	6
8746	6
12318	6
12669	6
12765	6
3238	6
2007	6
6678	6
6796	6
8298	6
8625	6
8942	6
8967	6
12323	6
12341	6
12709	6
12785	6
719	6
8622	6
8793	6
8917	6
8957	6
9133	6
12295	6
12312	6
12628	6
12745	6
5546	6
8240	6
8285	6
5428	6
5564	6
12390	6
12767	6
2861	6
5517	6
5521	6
6733	6
8422	6
8820	6
9063	6
9132	6
9211	6
12313	6
12316	6
12348	6
12399	6
12541	6
12544	6
12571	6
12579	6
12722	6
12796	6
553	6
1754	6
5520	6
6878	6
8365	6
8450	6
8519	6
8956	6
9020	6
12329	6
3352	6
6895	6
8610	6
8731	6
8739	6
8859	6
9099	6
12355	6
12731	6
6821	6
8303	6
9059	6
9115	6
9125	6
9175	6
12291	6
12510	6
12558	6
12658	6
12665	6
13530	6
5436	6
8361	6
8908	6
9159	6
9180	6
12645	6
12744	6
12771	6
3350	6
8818	6
12854	6
3334	6
12350	6
8572	6
9126	6
8360	6
8735	6
8852	6
8864	6
8879	6
8892	6
8925	6
9066	6
9164	6
9182	6
12292	6
12343	6
12371	6
12458	6
12506	6
12531	6
12610	6
12625	6
12638	6
12653	6
12676	6
12678	6
5435	6
8620	6
8905	6
9041	6
12361	6
12595	6
8380	6
5620	6
5623	6
6764	6
6829	6
6842	6
8245	6
8673	6
9008	6
9083	6
12298	6
12338	6
12401	6
12454	6
12602	6
12667	6
5560	6
6729	6
6760	6
8554	6
8999	6
9036	6
12362	6
12372	6
12417	6
2119	6
6721	6
5500	6
9011	6
5574	6
8902	6
2135	6
2028	6
2830	6
6725	6
8912	6
8987	6
12475	6
12576	6
12616	6
8821	6
6215	6
8780	6
8836	6
8983	6
10806	6
12409	6
12528	6
12566	6
12629	6
12662	6
12863	6
12597	6
8351	6
8875	6
8950	6
9067	6
9073	6
12555	6
12647	6
8588	6
8616	6
8935	6
8295	6
8598	6
9166	6
5484	6
6669	6
6684	6
6685	6
6686	6
6687	6
6688	6
6689	6
8454	6
8455	6
2831	6
2833	6
2834	6
2836	6
2837	6
2838	6
2841	6
2842	6
2843	6
2846	6
5601	6
8748	6
9088	6
12384	6
2120	6
5492	6
12563	6
6776	6
12429	6
12623	6
2586	6
8624	6
5494	6
3301	6
3308	6
5605	6
6795	6
8233	6
9181	6
12374	6
12459	6
12584	6
3293	6
8401	6
8910	6
8943	6
12519	6
9120	6
9158	6
1882	6
5579	6
9018	6
12655	6
12611	6
8495	6
8899	6
9215	6
12836	6
12732	6
9171	6
8442	6
8969	6
12437	6
12822	6
12360	6
12521	6
9040	6
1729	6
2865	6
8533	6
8574	6
5630	6
8310	6
8921	6
12708	6
8307	6
8559	6
9119	6
9185	6
12605	6
1922	6
9187	6
12860	6
8757	6
9179	6
12621	6
8669	6
8844	6
9196	6
12534	6
8208	6
12813	6
9206	6
9053	6
9138	6
8339	6
6823	6
8540	6
12547	6
12577	6
8223	6
8290	6
8392	6
8507	6
3240	6
1841	6
12502	6
12568	6
5600	6
8924	6
9086	6
8372	6
9144	6
8796	6
12684	6
8946	6
9212	6
12692	6
12726	6
5569	6
8702	6
9173	6
9130	6
12696	6
8205	6
12786	6
6739	6
6901	6
8216	6
12321	6
12356	6
3273	6
9052	6
9075	6
9165	6
12492	6
12540	6
12456	6
12657	6
9189	6
12436	6
12485	6
12560	6
9076	6
12639	6
12727	6
5398	6
5490	6
5379	6
8830	6
8982	6
9172	6
12798	6
12432	6
12433	6
12640	6
12755	6
12761	6
8211	6
12300	6
12414	6
8419	6
12775	6
12535	6
12871	6
12365	6
8499	6
8239	6
12334	6
12569	6
8632	6
5722	6
14080	6
8453	6
12507	6
12536	6
8405	6
12769	6
8254	6
12438	6
6691	6
8217	6
8562	6
5482	6
8306	6
12320	6
6865	6
8330	6
8316	6
12413	6
6783	6
7363	6
1239	7
3450	7
3737	7
3749	7
3900	7
6597	7
6922	7
7192	7
7260	7
8070	7
11354	7
13374	7
17	7
81	7
101	7
111	7
1760	7
1785	7
2825	7
3591	7
3593	7
3674	7
3728	7
3742	7
3768	7
3820	7
4187	7
4223	7
4231	7
4243	7
4323	7
4449	7
4500	7
4581	7
4924	7
4940	7
4979	7
5050	7
5056	7
5645	7
5647	7
5714	7
5763	7
6181	7
6223	7
6224	7
6226	7
6248	7
6309	7
6314	7
6318	7
6357	7
6364	7
6381	7
6386	7
6451	7
6456	7
6524	7
6550	7
6563	7
6944	7
6981	7
6983	7
7065	7
7207	7
7223	7
7224	7
7227	7
7253	7
7341	7
7362	7
7381	7
7751	7
7790	7
7849	7
7851	7
7876	7
7921	7
7924	7
7963	7
8005	7
8021	7
8039	7
8105	7
8697	7
10300	7
10316	7
10333	7
10397	7
10466	7
10473	7
10537	7
10577	7
10585	7
10604	7
10635	7
10651	7
10665	7
10694	7
10735	7
10756	7
10790	7
10799	7
10801	7
10828	7
10832	7
10833	7
10925	7
10931	7
10933	7
11010	7
11011	7
11012	7
11116	7
11151	7
11171	7
11213	7
11214	7
11234	7
11272	7
11400	7
11409	7
11438	7
11439	7
11449	7
11528	7
11541	7
11561	7
11590	7
11598	7
11603	7
11606	7
11610	7
11612	7
11633	7
11643	7
11653	7
11690	7
11746	7
11760	7
11781	7
11791	7
11797	7
11822	7
11836	7
11840	7
11889	7
11890	7
11891	7
11994	7
12049	7
12060	7
12156	7
12201	7
12202	7
13326	7
13363	7
13379	7
13399	7
13404	7
13419	7
13425	7
13426	7
13454	7
13472	7
13490	7
13516	7
13567	7
13568	7
13583	7
13586	7
13635	7
13638	7
13676	7
13717	7
13730	7
13750	7
13764	7
13776	7
13824	7
13829	7
13880	7
13887	7
13889	7
13894	7
13915	7
13996	7
14036	7
14124	7
14134	7
14244	7
14294	7
14298	7
14329	7
14330	7
73	7
114	7
2698	7
3677	7
7013	7
7235	7
7982	7
8037	7
10465	7
10612	7
10763	7
11068	7
11283	7
11424	7
11808	7
11834	7
11916	7
11956	7
13476	7
13636	7
13804	7
43	7
50	7
145	7
377	7
3354	7
3506	7
5719	7
7066	7
11423	7
11537	7
1249	7
1312	7
3564	7
3699	7
3828	7
3833	7
3846	7
4043	7
4293	7
4373	7
4750	7
5054	7
5078	7
5652	7
6061	7
6250	7
6258	7
6304	7
7057	7
7179	7
7180	7
7265	7
7452	7
7759	7
8025	7
8043	7
8133	7
8524	7
10392	7
10493	7
10545	7
10563	7
10661	7
10726	7
10727	7
10804	7
11049	7
11219	7
11227	7
11270	7
11306	7
11334	7
11491	7
11492	7
11529	7
11575	7
11615	7
11717	7
11770	7
11819	7
11870	7
11882	7
11966	7
11968	7
11986	7
11987	7
12057	7
12103	7
12112	7
12133	7
12191	7
12259	7
12260	7
12282	7
13329	7
13350	7
13439	7
13491	7
13559	7
13574	7
13607	7
13718	7
13866	7
13986	7
14155	7
14461	7
2572	7
3653	7
3857	7
6443	7
6988	7
7743	7
7810	7
8052	7
10384	7
10522	7
10656	7
10963	7
11169	7
11177	7
11231	7
225	7
238	7
1789	7
1790	7
1791	7
1928	7
2933	7
3064	7
3366	7
3386	7
3447	7
3463	7
3494	7
3555	7
3566	7
3571	7
3663	7
3704	7
3714	7
3746	7
3753	7
3764	7
3815	7
3851	7
3899	7
3912	7
4133	7
4191	7
4327	7
4538	7
4542	7
4999	7
5041	7
5661	7
5677	7
5678	7
5689	7
5767	7
5786	7
6133	7
6161	7
6167	7
6175	7
6177	7
6194	7
6222	7
6242	7
6255	7
6313	7
6325	7
6390	7
6396	7
6412	7
6413	7
6465	7
6494	7
6528	7
6586	7
6931	7
6945	7
7070	7
7124	7
7138	7
7212	7
7222	7
7228	7
7267	7
7268	7
7291	7
7292	7
7293	7
7349	7
7350	7
7393	7
7459	7
7839	7
7855	7
7882	7
8008	7
8101	7
8108	7
8109	7
8110	7
8155	7
8363	7
8376	7
8529	7
8934	7
9310	7
10241	7
10292	7
10399	7
10430	7
10504	7
10507	7
10549	7
10608	7
10618	7
10638	7
10643	7
10676	7
10770	7
10771	7
10774	7
10852	7
10859	7
10899	7
10921	7
10948	7
10949	7
11004	7
11036	7
11073	7
11102	7
11114	7
11162	7
11198	7
11278	7
11316	7
11398	7
11403	7
11405	7
11508	7
11521	7
11536	7
11611	7
11709	7
11828	7
11948	7
11974	7
12015	7
12031	7
12139	7
12279	7
12486	7
13431	7
13592	7
13597	7
13598	7
13613	7
13760	7
13820	7
13831	7
13842	7
13843	7
13846	7
13849	7
13869	7
13871	7
13941	7
13943	7
13950	7
14042	7
14090	7
14176	7
14182	7
14221	7
14257	7
14338	7
14342	7
14403	7
14419	7
14426	7
1334	7
5687	7
7252	7
11753	7
2900	7
6322	7
12105	7
11945	7
13354	7
10905	7
11639	7
12051	7
1706	7
6122	7
11511	7
10730	7
34	7
10490	7
4511	7
13337	7
18	7
1761	7
1970	7
3794	7
7290	7
10550	7
10812	7
11912	7
5761	7
8071	7
1201	7
11279	7
7618	7
9	7
12	7
14	7
20	7
26	7
29	7
1206	7
2552	7
3388	7
3676	7
3685	7
3756	7
3999	7
4130	7
4557	7
5640	7
5739	7
6192	7
7050	7
7081	7
10579	7
10755	7
11745	7
11872	7
12118	7
8	7
302	7
5707	7
7276	7
11773	7
13348	7
204	7
7272	7
2902	7
3681	7
10546	7
10578	7
11318	7
11975	7
12145	7
13546	7
3628	7
3629	7
4017	7
6074	7
7931	7
5653	7
11293	7
55	7
11827	7
13639	7
3452	7
10364	7
10631	7
11095	7
12005	7
12148	7
12173	7
13429	7
99	7
3935	7
4193	7
3390	7
13918	7
7942	7
10252	7
3553	7
10357	7
11756	7
13352	7
13469	7
13690	7
14152	7
14333	7
2553	7
11984	7
5656	7
7142	7
659	7
6112	7
11109	7
11580	7
11693	7
11052	7
4211	7
7880	7
6356	7
7337	7
11534	7
5666	7
6602	7
10821	7
10306	7
12109	7
6373	7
6488	7
7202	7
10470	7
10628	7
7075	7
7441	7
7939	7
7294	7
8036	7
4982	7
14373	7
32774	7
1691	8
549	8
577	8
705	8
814	8
816	8
852	8
3493	8
3602	8
11079	8
10494	8
6509	8
10977	8
2767	8
803	8
5769	8
7189	8
7734	8
74	8
5071	8
6327	8
6401	8
6463	8
7271	8
7456	8
7788	8
8160	8
10354	8
10687	8
11290	8
11342	8
12059	8
13768	8
13937	8
14007	8
2493	8
8013	8
13911	8
3766	8
834	8
5765	8
7443	8
10264	8
10329	8
10400	8
239	8
802	8
808	8
12093	8
12263	8
65002	8
271	8
684	8
800	8
831	8
854	8
855	8
2652	8
3848	8
5690	8
6183	8
7122	8
7781	8
8187	8
10808	8
11084	8
11085	8
11453	8
11489	8
11666	8
12226	8
6997	8
376	8
818	8
8111	8
10786	8
10965	8
10972	8
11700	8
12004	8
6407	8
10261	8
11742	8
13418	8
11260	8
12239	8
7398	8
13365	8
611	8
11998	8
820	8
2651	8
2659	8
11566	8
7794	8
11522	8
3812	8
4143	8
4509	8
4939	8
5688	8
5755	8
6539	8
6638	8
7307	8
7361	8
7826	8
7861	8
11969	8
12021	8
12188	8
13319	8
13773	8
14116	8
815	8
838	8
839	8
3359	8
6171	8
10482	8
11257	8
813	8
3672	8
6241	8
7036	8
7366	8
7992	8
10388	8
10520	8
10856	8
11103	8
11119	8
11679	8
11814	8
13657	8
14078	8
14193	8
14472	8
6537	8
7445	8
11727	8
13441	8
13616	8
2161	8
7878	8
13705	8
11647	8
4470	8
11478	8
6058	8
13594	8
11468	8
3147	9
3404	9
3561	9
3614	9
4200	9
4550	9
6993	9
7018	9
7020	9
10912	9
11901	9
13373	9
14045	9
1763	9
1975	9
2276	9
2899	9
2918	9
3502	9
3585	9
3625	9
3655	9
3741	9
3801	9
3994	9
4150	9
4208	9
4261	9
4271	9
4279	9
4356	9
4393	9
4592	9
4787	9
4927	9
4959	9
5668	9
5683	9
5713	9
6078	9
6082	9
6225	9
6359	9
6371	9
6376	9
6431	9
6475	9
6480	9
6482	9
6504	9
6507	9
6530	9
6535	9
6575	9
6594	9
6630	9
6634	9
6641	9
6646	9
6941	9
6943	9
7015	9
7105	9
7146	9
7261	9
7314	9
7342	9
7368	9
7435	9
7633	9
7726	9
7748	9
7838	9
7843	9
7909	9
8000	9
8047	9
8074	9
8080	9
8081	9
8098	9
8125	9
10248	9
10249	9
10453	9
10471	9
10477	9
10517	9
10603	9
10625	9
10634	9
10650	9
10668	9
10680	9
10695	9
10705	9
10717	9
10819	9
10846	9
10857	9
10956	9
10980	9
10998	9
11006	9
11089	9
11128	9
11154	9
11191	9
11192	9
11217	9
11255	9
11286	9
11300	9
11413	9
11427	9
11456	9
11472	9
11504	9
11507	9
11533	9
11554	9
11601	9
11613	9
11614	9
11626	9
11628	9
11632	9
11634	9
11648	9
11657	9
11702	9
11743	9
11748	9
11749	9
11754	9
11779	9
11810	9
11847	9
11892	9
11930	9
11971	9
11977	9
12024	9
12045	9
12055	9
12069	9
12099	9
12195	9
12223	9
12269	9
12271	9
12274	9
12287	9
13371	9
13375	9
13443	9
13451	9
13457	9
13463	9
13511	9
13517	9
13595	9
13601	9
13630	9
13731	9
13762	9
13778	9
13830	9
13900	9
13905	9
13933	9
14016	9
14062	9
14143	9
14265	9
14299	9
14365	9
7806	9
7850	9
7853	9
10729	9
11107	9
11440	9
11887	9
12044	9
12082	9
12120	9
12126	9
13615	9
1872	9
4908	9
10702	9
11678	9
52	9
167	9
1226	9
1251	9
1767	9
1906	9
1968	9
2561	9
2707	9
2911	9
3081	9
3379	9
3392	9
3405	9
3458	9
3508	9
3599	9
3770	9
3790	9
3814	9
3931	9
4057	9
4129	9
4281	9
4291	9
4295	9
4733	9
4788	9
4947	9
5416	9
5536	9
5694	9
5742	9
5743	9
6086	9
6118	9
6159	9
6296	9
6307	9
6312	9
6337	9
6440	9
6512	9
6542	9
6587	9
6600	9
6697	9
6946	9
6979	9
7068	9
7079	9
7127	9
7133	9
7153	9
7234	9
7254	9
7309	9
7310	9
7312	9
7315	9
7371	9
7745	9
7757	9
7776	9
7782	9
7786	9
7820	9
7835	9
7844	9
7867	9
7903	9
7912	9
7920	9
7933	9
7955	9
7977	9
8057	9
8134	9
8153	9
8760	9
9335	9
9471	9
10295	9
10311	9
10319	9
10340	9
10395	9
10464	9
10521	9
10599	9
10632	9
10696	9
10699	9
10707	9
10718	9
10758	9
10796	9
10820	9
10840	9
10850	9
10940	9
10947	9
10966	9
10981	9
10994	9
11005	9
11025	9
11033	9
11038	9
11060	9
11101	9
11134	9
11167	9
11183	9
11228	9
11247	9
11252	9
11277	9
11280	9
11301	9
11304	9
11343	9
11351	9
11357	9
11379	9
11421	9
11426	9
11458	9
11518	9
11589	9
11692	9
11701	9
11707	9
11712	9
11722	9
11724	9
11732	9
11771	9
11792	9
11804	9
11833	9
11848	9
11857	9
11883	9
11895	9
11905	9
11906	9
11907	9
11931	9
11955	9
11961	9
12014	9
12017	9
12020	9
12022	9
12111	9
12159	9
12181	9
12198	9
12270	9
12272	9
13341	9
13343	9
13346	9
13390	9
13477	9
13478	9
13502	9
13565	9
13645	9
13685	9
13786	9
13860	9
13888	9
13899	9
13908	9
13992	9
14024	9
14046	9
14070	9
14211	9
14215	9
14217	9
14268	9
14287	9
14311	9
14348	9
14382	9
14407	9
14448	9
87	9
125	9
161	9
1351	9
1659	9
2386	9
2562	9
2631	9
2855	9
3448	9
4933	9
5074	9
5075	9
5728	9
5730	9
5731	9
6287	9
6308	9
6470	9
6501	9
6580	9
6584	9
6606	9
7163	9
7333	9
7462	9
7828	9
7914	9
8135	9
9329	9
10588	9
10904	9
10914	9
11090	9
11121	9
11185	9
11235	9
11268	9
11337	9
11383	9
11397	9
11428	9
11516	9
11600	9
11670	9
11684	9
11685	9
11738	9
11757	9
11806	9
11902	9
11917	9
11937	9
12039	9
12052	9
12068	9
12085	9
12090	9
12116	9
12121	9
12152	9
12153	9
12163	9
12169	9
12281	9
13327	9
13336	9
13401	9
13507	9
13552	9
13558	9
13560	9
13572	9
13578	9
13627	9
13632	9
13641	9
13642	9
13688	9
13695	9
13698	9
13769	9
13815	9
13847	9
13852	9
13859	9
13882	9
13919	9
14005	9
14008	9
14021	9
14033	9
14065	9
14094	9
14113	9
14149	9
14153	9
14328	9
11796	9
13488	9
3830	9
4993	9
5771	9
6392	9
6517	9
7208	9
11394	9
11933	9
7390	9
6592	9
11568	9
2	9
13700	9
11675	9
11253	9
13709	9
14009	9
11139	9
4039	9
12215	9
13536	9
11194	9
12255	9
10736	9
11307	9
11914	9
12125	9
13989	9
6116	9
7796	9
14160	9
11129	9
11500	9
4003	9
11050	9
13414	9
13775	9
6299	9
7181	9
14243	9
14291	9
13855	9
10483	9
10660	9
13744	9
6083	9
6089	9
7460	9
8094	9
10474	9
10505	9
11157	9
11744	9
11845	9
13519	9
13965	9
11269	9
11556	9
6180	9
10798	9
14115	9
14435	9
65105	9
8169	9
7789	9
12262	9
11312	9
5498	9
8704	9
12358	9
7544	9
9290	9
11665	9
11934	9
13802	9
11970	9
14147	9
3549	10
4957	10
6245	10
7055	10
10663	10
11443	10
11499	10
11663	10
11674	10
11680	10
12012	10
12114	10
12236	10
13361	10
13623	10
14184	10
1225	10
3505	10
4513	10
5003	10
6076	10
6220	10
6459	10
7106	10
7351	10
7795	10
8138	10
8788	10
10240	10
10338	10
10455	10
10673	10
10860	10
10884	10
10932	10
10979	10
11023	10
11100	10
11418	10
11881	10
11929	10
12077	10
12084	10
12117	10
12144	10
13413	10
13445	10
13543	10
13873	10
13997	10
14148	10
3254	10
4595	10
10732	10
12241	10
3368	10
7217	10
8117	10
10242	10
10450	10
10858	10
11062	10
11579	10
12001	10
1757	10
6164	10
12092	10
5674	10
5738	10
10325	10
10390	10
10468	10
11656	10
12016	10
13405	10
13734	10
13975	10
1325	10
7321	10
7010	10
7765	10
11565	10
7976	10
10263	10
6877	10
10787	10
13912	10
10685	10
10759	10
13722	10
11386	10
11638	10
13549	10
1932	10
13955	10
6576	10
11899	10
1220	10
2534	10
3512	10
4492	10
4599	10
5033	10
6950	10
6954	10
7151	10
7936	10
8192	10
10381	10
10557	10
10901	10
11022	10
11124	10
11206	10
11333	10
11378	10
11669	10
11711	10
11767	10
11783	10
11803	10
11913	10
12108	10
12119	10
12158	10
12220	10
12235	10
13345	10
13468	10
13525	10
13890	10
13957	10
13985	10
14001	10
14095	10
14167	10
4259	10
10352	10
10589	10
1224	10
267	10
7996	10
8142	10
10792	10
11115	10
11325	10
11366	10
11698	10
11794	10
11082	10
11825	10
12101	10
12110	10
12193	10
13411	10
13902	10
13913	10
14108	10
14415	10
4239	10
6391	10
3817	10
12294	10
14390	10
6703	10
3261	10
7158	10
13862	10
5592	10
8393	10
3252	10
3319	10
5593	10
6876	10
8258	10
8813	10
12545	10
12742	10
5598	10
6886	10
5415	10
8693	10
9213	10
12681	10
12706	10
12780	10
3326	10
11925	10
13437	10
13508	10
11809	10
3956	10
10322	10
8349	10
12691	10
12704	10
12809	10
6070	11
7006	11
11860	11
1680	11
3384	11
5486	11
5702	11
8551	11
9116	11
11652	11
11778	11
12096	11
12225	11
8584	11
6210	11
10848	11
12617	11
14350	11
7095	11
4310	11
10909	11
13945	11
11559	11
3339	11
8544	11
8738	11
8958	11
12441	11
4148	11
4984	11
6107	11
6986	11
7319	11
7868	11
11799	11
11846	11
11973	11
13696	11
12400	11
12660	11
12736	11
12789	11
8203	11
8347	11
8885	11
8894	11
12408	11
12752	11
6888	11
8944	11
9168	11
12753	11
12849	11
6875	11
9117	11
12818	11
6768	11
8715	11
8742	11
8849	11
8867	11
8945	11
12494	11
12495	11
12516	11
12537	11
12619	11
8320	11
8513	11
8947	11
7418	12
4926	12
5648	12
6147	12
6429	12
7303	12
6057	12
7004	12
3597	12
7908	12
7993	12
676	12
10834	12
5745	12
4967	12
4270	12
7005	12
7049	12
8066	12
10277	12
10318	12
10452	12
10481	12
10605	12
10671	12
10757	12
10785	12
10795	12
10986	12
11008	12
11014	12
11063	12
11193	12
11256	12
11311	12
11315	12
11373	12
11392	12
11411	12
11450	12
11451	12
11503	12
11750	12
12264	12
13591	12
13878	12
13934	12
4995	12
6471	12
13643	12
61100	12
4387	12
7803	12
10983	12
11356	12
1797	12
3449	12
11340	12
10778	12
13774	12
8048	13
3132	13
4230	13
5704	13
5772	13
8143	13
10530	13
1916	13
6127	13
6306	13
6849	13
9334	13
10269	13
2277	13
6487	13
10412	13
10586	13
2027	13
11271	13
6846	13
7001	13
7590	13
8056	13
12252	13
13353	13
13564	13
7927	13
11694	13
6505	13
7980	13
8301	13
10362	13
13686	13
14111	13
11562	13
5710	13
7701	13
9558	13
9730	13
9735	13
10417	13
10697	13
11835	13
12143	13
12687	13
13856	13
14202	13
6125	13
6543	13
7063	13
7162	13
7365	13
7414	13
7738	13
8141	13
8167	13
10429	13
10454	13
10495	13
10670	13
10688	13
10704	13
10733	13
10875	13
10881	13
10906	13
10938	13
10954	13
11156	13
11180	13
11284	13
11390	13
11415	13
11419	13
11431	13
11706	13
11800	13
11801	13
11802	13
11896	13
11921	13
11993	13
12135	13
12136	13
12140	13
13320	13
13761	13
13874	13
13914	13
14026	13
14204	13
13682	13
10715	13
11097	13
12548	13
12593	13
7298	13
13935	13
13316	13
11751	13
11752	13
13357	13
14087	13
14457	13
11242	13
11432	13
11497	13
10531	13
5380	13
8340	13
12788	13
9734	13
8563	14
8955	14
4913	14
8359	14
2578	14
3239	14
8342	14
12297	14
2854	14
3216	14
5568	14
6690	14
6731	14
6850	14
8470	14
8926	14
3575	14
9039	14
12500	14
6694	14
6858	14
8634	14
8829	14
9148	14
9198	14
8443	14
8299	14
8350	14
8474	14
8920	14
8440	14
1741	14
8756	14
6819	14
544	14
565	14
1739	14
3221	14
3343	14
12630	14
8348	14
2118	14
2820	14
8511	14
8888	14
2683	14
9199	14
12304	14
3235	14
3253	14
3316	14
3389	14
5563	14
6673	14
6800	14
6828	14
6854	14
6856	14
6863	14
6903	14
8241	14
8249	14
8263	14
8345	14
8371	14
8382	14
8395	14
8557	14
8568	14
8580	14
8592	14
8615	14
8629	14
8675	14
8691	14
8732	14
8744	14
8749	14
8790	14
8810	14
8828	14
8997	14
9068	14
9110	14
12327	14
12332	14
12396	14
12451	14
12452	14
12668	14
12683	14
12685	14
12705	14
12768	14
5386	14
5495	14
5553	14
5573	14
8449	14
8480	14
8504	14
8752	14
8825	14
12730	14
8515	14
8701	14
12314	14
12550	14
12622	14
12690	14
9087	14
3267	14
8755	14
6868	14
6880	14
8291	14
8370	14
8409	14
8753	14
2848	14
2875	14
2895	14
3058	14
3218	14
3325	14
3335	14
5433	14
5468	14
5471	14
5480	14
6671	14
8324	14
8336	14
8411	14
8510	14
8623	14
8663	14
8684	14
8730	14
12448	14
6662	14
2148	14
2643	14
5387	14
9056	14
12517	14
5537	14
6788	14
8331	14
8482	14
8636	14
2587	14
6869	14
12714	14
2766	14
3312	14
5558	14
8570	14
8594	14
8711	14
8904	14
9107	14
12397	14
12538	14
5467	14
12613	14
8901	14
3351	14
5567	14
5572	14
6857	14
8915	14
9157	14
12416	14
8402	14
8498	14
12487	14
12790	14
8988	14
8856	14
6699	14
12724	14
6807	14
8226	14
5523	14
8595	14
12335	14
12679	14
8334	14
8846	14
12627	14
6767	14
12739	14
12499	14
12380	14
9320	15
9318	15
3786	15
3976	15
4669	15
4670	15
4766	15
4792	15
2563	15
9581	15
3608	15
4790	15
4961	15
7557	15
7559	15
9457	15
9487	15
9531	15
9632	15
9700	15
9756	15
1237	15
3748	15
3813	15
4660	15
4663	15
4745	15
4791	15
5051	15
6068	15
7558	15
7561	15
7562	15
7564	15
7620	15
9273	15
9277	15
9456	15
9490	15
9493	15
9521	15
9522	15
9524	15
9525	15
9526	15
9527	15
9528	15
9529	15
9530	15
9532	15
9569	15
9573	15
9574	15
9575	15
9579	15
9629	15
9634	15
9638	15
9640	15
9644	15
9646	15
9647	15
9683	15
9685	15
9688	15
9689	15
9690	15
9691	15
9692	15
9693	15
9694	15
9695	15
9696	15
9699	15
9701	15
9702	15
9703	15
9704	15
9705	15
9709	15
9759	15
9765	15
9767	15
9770	15
9772	15
9773	15
7627	15
9458	15
9641	15
1781	15
7622	15
7623	15
9322	15
9711	15
9270	15
3784	15
3825	15
4749	15
7621	15
7624	15
7626	15
9275	15
9323	15
9452	15
9489	15
9492	15
9494	15
9568	15
9631	15
9637	15
9645	15
9684	15
9686	15
9708	15
9760	15
4665	15
9271	15
9274	15
9321	15
9455	15
9459	15
9488	15
9576	15
9639	15
9642	15
9706	15
9316	15
7563	15
9491	15
9454	15
9317	15
9572	15
9698	15
4668	15
9276	15
2853	16
5515	16
764	16
1342	16
1732	16
2380	16
3274	16
5469	16
8317	16
2860	17
8657	17
8269	17
12353	17
1930	17
5516	17
8458	17
8826	17
9118	17
12527	17
12603	17
3251	17
8609	17
3243	17
6773	17
8765	17
8824	17
8994	17
9186	17
12305	17
12542	17
6853	17
3454	18
6064	18
6065	18
6503	18
278	18
6332	18
11172	18
8151	18
1322	18
7056	18
3548	18
3632	18
3968	18
7184	18
7974	18
8140	18
11087	18
1292	18
2549	18
3484	18
4493	18
6342	18
6590	18
6957	18
7080	18
7125	18
7325	18
7438	18
8007	18
10420	18
10436	18
10847	18
11519	18
11677	18
11888	18
12146	18
13999	18
14178	18
1831	18
3640	18
3810	18
3905	18
6495	18
7038	18
7120	18
7399	18
10479	18
10560	18
11136	18
1840	18
3596	18
6458	18
7864	18
14000	18
3701	19
1798	19
3582	19
4222	19
10876	19
4600	19
4201	19
6366	19
7396	19
6377	19
5106	20
5102	20
5103	20
5104	20
5105	20
6665	21
3302	21
3313	21
1267	21
6718	21
5493	21
8441	21
9035	21
5602	21
6664	21
6734	21
8329	21
8857	21
9104	21
12565	21
5395	21
5396	21
5510	21
8265	21
8583	21
8660	21
8722	21
8858	21
8911	21
12319	21
12445	21
12465	21
12474	21
12505	21
12514	21
12650	21
12710	21
12839	21
8815	21
8293	21
8884	21
3242	21
9034	21
2594	21
6737	21
6840	21
8626	21
8855	21
8922	21
9037	21
9093	21
9209	21
12309	21
12363	21
12434	21
12515	21
12637	21
12779	21
5382	21
9137	21
3269	21
12575	21
8941	21
2593	21
5394	21
5397	21
5609	21
6882	21
8463	21
8783	21
8816	21
8978	21
12340	21
12428	21
12468	21
12489	21
12498	21
12551	21
8754	21
8822	21
8980	21
12373	21
12481	21
12652	21
12719	21
12835	21
8827	21
8564	21
6762	22
6790	22
6844	22
8193	22
8244	22
8262	22
8517	22
8672	22
8777	22
9154	22
10637	22
11042	22
11259	22
11764	22
5606	22
8771	22
12301	22
1241	22
5389	22
5391	22
5425	22
5483	22
6755	22
6866	22
8400	22
8866	22
6568	22
8035	22
2609	22
4005	22
5522	22
6713	22
11331	22
8425	22
9000	22
11127	22
2146	22
5377	22
5639	22
6400	22
6715	22
6747	22
8668	22
8764	22
8869	22
9079	22
9121	22
10569	22
11816	22
11960	22
12376	22
12713	22
8335	22
8338	22
8362	22
8795	22
7642	22
12797	22
1955	22
5408	22
2108	22
3278	22
6741	22
12626	22
8357	22
8358	22
12594	22
6663	22
8953	22
12310	22
12439	22
6700	22
8274	22
8778	22
3329	22
6799	22
5505	22
5532	22
8225	22
7727	22
8509	22
9127	22
3340	22
5554	22
6722	22
2614	22
3208	22
3233	22
3245	22
6822	22
8197	22
8212	22
8390	22
8415	22
8429	22
8445	22
8456	22
8466	22
8534	22
8555	22
8685	22
8705	22
8717	22
8876	22
9064	22
9070	22
9102	22
9160	22
9176	22
1967	22
8386	22
8688	22
8919	22
9184	22
8745	22
8860	22
12716	22
8200	22
8313	22
2588	22
6851	22
6906	22
8605	22
12578	22
5479	22
6668	22
6702	22
6746	22
8194	22
8207	22
8314	22
8353	22
8486	22
8923	22
9005	22
9015	22
9016	22
9152	22
9202	22
9205	22
12549	22
5518	22
5561	22
7137	22
8900	22
8927	22
9058	22
12564	22
8505	22
8706	22
8707	22
8721	22
3268	22
8388	22
8396	22
8522	22
8581	22
8618	22
9151	22
8573	22
8951	22
8963	22
2847	22
6769	22
12539	22
12562	22
12525	22
8465	22
8591	22
8708	22
12369	22
12711	22
2012	22
2547	22
3219	22
3314	22
3346	22
6711	22
8512	22
8428	22
8488	22
8710	22
9021	22
12735	22
12794	22
8448	22
8536	22
8571	22
8716	22
6794	22
2546	22
3323	22
5470	22
5489	22
6744	22
6867	22
8248	22
8253	22
8278	22
8530	22
8617	22
8643	22
8700	22
8762	22
8991	22
9069	22
12364	22
12402	22
9095	22
8206	22
12509	22
12847	22
12443	22
8724	22
8806	22
5421	22
8877	22
12336	22
12588	22
3260	22
9128	22
5513	22
5565	22
5596	22
8579	22
8696	22
9024	22
6802	22
8436	22
5393	22
6784	22
6884	22
8343	22
12814	22
12829	22
12856	22
8930	22
9091	22
12526	22
8496	22
8378	22
6845	22
12672	22
12842	22
8229	22
8462	22
8431	22
8808	22
12609	22
8516	22
12723	22
8880	22
7893	23
10984	23
13504	23
2048	23
2055	23
2495	24
11317	24
2496	24
2701	24
5663	24
6263	24
7896	24
10508	24
11602	24
11607	24
11659	24
11736	24
1901	25
5595	25
8447	25
1853	25
1776	25
8387	25
8940	25
8971	25
9023	25
12411	25
12614	25
679	25
760	25
1113	25
1114	25
1117	25
1119	25
1120	25
1205	25
2036	25
6720	25
8670	25
8692	25
2494	25
12377	25
6883	25
12762	25
3426	26
137	26
5441	26
5444	26
5445	26
5446	26
5457	26
3230	26
5556	27
5617	27
8501	27
6667	27
8246	27
8642	27
1887	27
6778	27
6670	27
1248	27
5420	27
8786	27
12330	27
12659	27
8308	27
8374	27
8459	27
8535	27
12423	27
12631	27
6714	27
8798	27
12476	27
8323	27
8633	27
8890	27
8970	27
5550	27
8267	27
8286	27
8326	27
8664	27
12324	27
5616	27
8965	27
12346	27
12580	27
12618	27
12824	27
8230	27
8812	27
12712	27
8896	28
3307	28
5619	28
6709	28
1717	29
2200	29
3256	29
789	29
1301	29
12398	29
775	29
1309	29
777	29
1303	29
1307	29
1708	29
2062	29
2269	29
776	29
781	29
1300	29
1304	29
1305	29
1716	29
1719	29
1720	29
1721	29
1723	29
1725	29
1935	29
1936	29
1937	29
1938	29
1939	29
1940	29
1942	29
2060	29
2222	29
2236	29
2237	29
2259	29
2418	29
2457	29
2477	29
2478	29
1713	29
2470	29
2472	29
5603	30
2610	30
6896	30
8585	30
12778	30
6726	31
8264	31
5625	31
6864	31
6658	31
8288	31
12747	31
6803	31
6793	32
6820	32
8728	32
12375	32
3277	32
8990	33
8294	33
8321	33
9097	33
