# Input: ../as20graph.txt
# Nodes: 6474    Edges: 0
# Algoritm: Girvan-Newman
# Modularity: 0.577037
# Communities: 140
# NId	CommunityId
1	0
49	0
63	0
70	0
71	0
81	0
86	0
87	0
90	0
109	0
125	0
140	0
144	0
157	0
159	0
161	0
167	0
174	0
189	0
196	0
199	0
209	0
267	0
557	0
600	0
613	0
685	0
700	0
701	0
763	0
1225	0
1226	0
1236	0
1239	0
1251	0
1294	0
1311	0
1325	0
1341	0
1351	0
1659	0
1740	0
1744	0
1757	0
1763	0
1767	0
1787	0
1789	0
1790	0
1791	0
1797	0
1833	0
1906	0
1968	0
1975	0
1982	0
2003	0
2011	0
2015	0
2019	0
2024	0
2044	0
2052	0
2276	0
2379	0
2386	0
2548	0
2551	0
2572	0
2631	0
2648	0
2707	0
2712	0
2714	0
2715	0
2825	0
2855	0
2897	0
2899	0
2911	0
2918	0
2933	0
3064	0
3079	0
3081	0
3087	0
3104	0
3112	0
3113	0
3126	0
3134	0
3147	0
3362	0
3366	0
3379	0
3390	0
3403	0
3405	0
3407	0
3448	0
3451	0
3458	0
3464	0
3479	0
3494	0
3495	0
3502	0
3505	0
3513	0
3555	0
3561	0
3564	0
3566	0
3569	0
3571	0
3578	0
3585	0
3588	0
3593	0
3594	0
3599	0
3614	0
3623	0
3625	0
3653	0
3655	0
3663	0
3670	0
3674	0
3680	0
3699	0
3703	0
3704	0
3707	0
3708	0
3714	0
3728	0
3733	0
3737	0
3742	0
3746	0
3749	0
3753	0
3762	0
3764	0
3768	0
3770	0
3790	0
3796	0
3801	0
3814	0
3815	0
3828	0
3830	0
3831	0
3833	0
3846	0
3850	0
3851	0
3855	0
3857	0
3899	0
3900	0
3914	0
3950	0
3951	0
3955	0
3957	0
3994	0
3996	0
3998	0
4010	0
4039	0
4043	0
4057	0
4129	0
4133	0
4150	0
4151	0
4167	0
4187	0
4191	0
4195	0
4200	0
4203	0
4208	0
4223	0
4239	0
4243	0
4247	0
4261	0
4263	0
4265	0
4266	0
4271	0
4278	0
4279	0
4281	0
4286	0
4291	0
4295	0
4307	0
4309	0
4324	0
4327	0
4364	0
4367	0
4372	0
4373	0
4376	0
4390	0
4393	0
4436	0
4449	0
4452	0
4454	0
4456	0
4465	0
4471	0
4472	0
4500	0
4515	0
4519	0
4521	0
4530	0
4536	0
4539	0
4542	0
4543	0
4547	0
4566	0
4569	0
4574	0
4581	0
4583	0
4587	0
4592	0
4750	0
4911	0
4922	0
4923	0
4924	0
4927	0
4933	0
4940	0
4943	0
4947	0
4952	0
4959	0
4960	0
4963	0
4966	0
4977	0
4979	0
4986	0
4993	0
4997	0
4999	0
5002	0
5015	0
5024	0
5048	0
5049	0
5054	0
5055	0
5056	0
5072	0
5074	0
5075	0
5076	0
5079	0
5080	0
5086	0
5093	0
5097	0
5108	0
5536	0
5540	0
5642	0
5645	0
5650	0
5651	0
5652	0
5662	0
5665	0
5668	0
5679	0
5684	0
5689	0
5691	0
5694	0
5697	0
5698	0
5703	0
5706	0
5714	0
5716	0
5728	0
5730	0
5731	0
5736	0
5742	0
5743	0
5746	0
5752	0
5757	0
5760	0
5761	0
5762	0
5767	0
5771	0
5778	0
5779	0
5786	0
5789	0
5790	0
5977	0
6057	0
6061	0
6071	0
6073	0
6076	0
6082	0
6091	0
6095	0
6102	0
6103	0
6104	0
6109	0
6114	0
6116	0
6118	0
6127	0
6130	0
6133	0
6138	0
6139	0
6144	0
6150	0
6159	0
6161	0
6164	0
6167	0
6175	0
6177	0
6179	0
6181	0
6188	0
6194	0
6195	0
6197	0
6198	0
6199	0
6201	0
6222	0
6223	0
6224	0
6225	0
6226	0
6234	0
6242	0
6243	0
6248	0
6250	0
6254	0
6255	0
6258	0
6259	0
6266	0
6295	0
6296	0
6297	0
6299	0
6300	0
6301	0
6303	0
6304	0
6307	0
6308	0
6309	0
6311	0
6312	0
6313	0
6314	0
6315	0
6316	0
6318	0
6334	0
6337	0
6347	0
6355	0
6357	0
6359	0
6364	0
6371	0
6372	0
6375	0
6376	0
6379	0
6380	0
6382	0
6383	0
6384	0
6385	0
6386	0
6387	0
6390	0
6396	0
6402	0
6404	0
6410	0
6419	0
6430	0
6431	0
6432	0
6433	0
6437	0
6443	0
6448	0
6451	0
6456	0
6459	0
6465	0
6470	0
6474	0
6475	0
6477	0
6479	0
6480	0
6482	0
6484	0
6485	0
6501	0
6504	0
6506	0
6507	0
6512	0
6521	0
6524	0
6528	0
6530	0
6532	0
6533	0
6535	0
6536	0
6541	0
6542	0
6544	0
6550	0
6554	0
6563	0
6566	0
6569	0
6570	0
6571	0
6575	0
6580	0
6582	0
6584	0
6586	0
6587	0
6588	0
6589	0
6592	0
6594	0
6597	0
6600	0
6601	0
6602	0
6606	0
6607	0
6614	0
6620	0
6629	0
6633	0
6634	0
6640	0
6641	0
6646	0
6650	0
6652	0
6654	0
6660	0
6755	0
6913	0
6918	0
6931	0
6932	0
6933	0
6943	0
6944	0
6945	0
6946	0
6966	0
6973	0
6975	0
6979	0
6981	0
6988	0
6989	0
6991	0
6992	0
6994	0
6995	0
6996	0
7015	0
7016	0
7018	0
7021	0
7024	0
7029	0
7035	0
7037	0
7041	0
7042	0
7047	0
7057	0
7064	0
7065	0
7068	0
7070	0
7075	0
7078	0
7079	0
7089	0
7093	0
7097	0
7105	0
7106	0
7113	0
7115	0
7124	0
7127	0
7132	0
7133	0
7138	0
7144	0
7146	0
7147	0
7152	0
7153	0
7157	0
7161	0
7163	0
7168	0
7177	0
7178	0
7179	0
7180	0
7181	0
7182	0
7183	0
7192	0
7206	0
7207	0
7220	0
7222	0
7223	0
7224	0
7227	0
7228	0
7253	0
7254	0
7256	0
7258	0
7260	0
7261	0
7265	0
7267	0
7268	0
7269	0
7281	0
7284	0
7291	0
7292	0
7293	0
7309	0
7310	0
7312	0
7314	0
7317	0
7318	0
7323	0
7324	0
7334	0
7341	0
7342	0
7343	0
7344	0
7346	0
7349	0
7350	0
7354	0
7355	0
7358	0
7368	0
7371	0
7381	0
7384	0
7386	0
7392	0
7410	0
7416	0
7420	0
7424	0
7425	0
7426	0
7430	0
7431	0
7434	0
7435	0
7439	0
7452	0
7453	0
7459	0
7462	0
7466	0
7633	0
7726	0
7731	0
7737	0
7741	0
7743	0
7744	0
7748	0
7751	0
7753	0
7754	0
7757	0
7759	0
7760	0
7762	0
7764	0
7767	0
7770	0
7776	0
7778	0
7782	0
7785	0
7786	0
7789	0
7796	0
7799	0
7802	0
7809	0
7810	0
7823	0
7828	0
7833	0
7835	0
7838	0
7839	0
7843	0
7844	0
7849	0
7851	0
7853	0
7856	0
7859	0
7862	0
7867	0
7869	0
7876	0
7877	0
7881	0
7882	0
7884	0
7888	0
7891	0
7892	0
7894	0
7900	0
7902	0
7903	0
7909	0
7912	0
7914	0
7920	0
7921	0
7922	0
7923	0
7924	0
7925	0
7933	0
7942	0
7949	0
7951	0
7955	0
7958	0
7959	0
7963	0
7968	0
7977	0
8000	0
8005	0
8006	0
8008	0
8009	0
8011	0
8015	0
8016	0
8017	0
8021	0
8023	0
8025	0
8038	0
8039	0
8043	0
8048	0
8049	0
8051	0
8052	0
8057	0
8058	0
8060	0
8061	0
8062	0
8063	0
8070	0
8073	0
8074	0
8076	0
8077	0
8079	0
8080	0
8081	0
8083	0
8084	0
8085	0
8087	0
8088	0
8090	0
8091	0
8097	0
8098	0
8101	0
8105	0
8108	0
8109	0
8110	0
8112	0
8113	0
8114	0
8115	0
8118	0
8119	0
8120	0
8125	0
8126	0
8129	0
8130	0
8132	0
8133	0
8134	0
8135	0
8136	0
8138	0
8142	0
8146	0
8153	0
8155	0
8156	0
8158	0
8161	0
8169	0
8172	0
8180	0
8182	0
8185	0
8188	0
8189	0
8202	0
8363	0
8524	0
8532	0
8697	0
8760	0
8814	0
8837	0
8934	0
8979	0
9071	0
9156	0
9264	0
9329	0
9334	0
9656	0
10241	0
10242	0
10246	0
10248	0
10249	0
10251	0
10254	0
10257	0
10266	0
10267	0
10271	0
10273	0
10295	0
10296	0
10297	0
10300	0
10302	0
10311	0
10314	0
10316	0
10317	0
10319	0
10326	0
10333	0
10334	0
10337	0
10339	0
10340	0
10342	0
10352	0
10355	0
10361	0
10367	0
10382	0
10383	0
10384	0
10389	0
10392	0
10395	0
10396	0
10397	0
10399	0
10404	0
10405	0
10406	0
10409	0
10416	0
10419	0
10422	0
10424	0
10431	0
10434	0
10437	0
10440	0
10444	0
10447	0
10448	0
10450	0
10453	0
10455	0
10459	0
10464	0
10467	0
10468	0
10469	0
10470	0
10471	0
10473	0
10477	0
10484	0
10489	0
10492	0
10496	0
10499	0
10504	0
10506	0
10507	0
10510	0
10512	0
10515	0
10516	0
10517	0
10521	0
10532	0
10534	0
10536	0
10537	0
10541	0
10549	0
10552	0
10553	0
10558	0
10559	0
10563	0
10564	0
10571	0
10576	0
10577	0
10581	0
10585	0
10588	0
10594	0
10599	0
10603	0
10604	0
10613	0
10614	0
10615	0
10616	0
10618	0
10621	0
10625	0
10632	0
10634	0
10635	0
10638	0
10643	0
10647	0
10648	0
10650	0
10651	0
10655	0
10656	0
10657	0
10661	0
10665	0
10667	0
10668	0
10669	0
10672	0
10680	0
10683	0
10685	0
10689	0
10690	0
10694	0
10695	0
10696	0
10699	0
10705	0
10707	0
10710	0
10717	0
10718	0
10719	0
10721	0
10722	0
10724	0
10725	0
10726	0
10727	0
10735	0
10737	0
10738	0
10741	0
10745	0
10749	0
10750	0
10756	0
10760	0
10762	0
10769	0
10770	0
10775	0
10780	0
10782	0
10788	0
10789	0
10790	0
10791	0
10794	0
10796	0
10799	0
10800	0
10801	0
10804	0
10809	0
10810	0
10813	0
10815	0
10818	0
10819	0
10820	0
10825	0
10826	0
10827	0
10828	0
10829	0
10830	0
10832	0
10833	0
10835	0
10839	0
10840	0
10843	0
10846	0
10849	0
10850	0
10852	0
10853	0
10857	0
10858	0
10859	0
10864	0
10868	0
10873	0
10882	0
10884	0
10899	0
10904	0
10907	0
10908	0
10912	0
10914	0
10916	0
10917	0
10918	0
10920	0
10921	0
10925	0
10926	0
10928	0
10930	0
10931	0
10932	0
10933	0
10934	0
10939	0
10940	0
10942	0
10946	0
10947	0
10948	0
10949	0
10950	0
10956	0
10958	0
10960	0
10962	0
10967	0
10970	0
10971	0
10975	0
10979	0
10980	0
10981	0
10985	0
10989	0
10991	0
10994	0
10995	0
10997	0
10998	0
11003	0
11004	0
11005	0
11006	0
11009	0
11010	0
11011	0
11012	0
11015	0
11016	0
11020	0
11021	0
11025	0
11027	0
11030	0
11033	0
11036	0
11038	0
11040	0
11041	0
11043	0
11047	0
11049	0
11050	0
11055	0
11057	0
11060	0
11066	0
11069	0
11070	0
11071	0
11073	0
11074	0
11075	0
11080	0
11086	0
11089	0
11094	0
11101	0
11102	0
11104	0
11106	0
11107	0
11111	0
11114	0
11115	0
11116	0
11118	0
11121	0
11126	0
11128	0
11132	0
11133	0
11134	0
11143	0
11144	0
11145	0
11146	0
11147	0
11148	0
11151	0
11152	0
11154	0
11155	0
11159	0
11162	0
11163	0
11167	0
11168	0
11169	0
11171	0
11174	0
11176	0
11177	0
11185	0
11187	0
11188	0
11190	0
11191	0
11192	0
11196	0
11198	0
11199	0
11202	0
11204	0
11207	0
11210	0
11211	0
11212	0
11213	0
11214	0
11215	0
11217	0
11219	0
11221	0
11223	0
11225	0
11226	0
11227	0
11228	0
11231	0
11232	0
11234	0
11235	0
11238	0
11239	0
11240	0
11241	0
11244	0
11248	0
11250	0
11252	0
11255	0
11261	0
11263	0
11264	0
11267	0
11268	0
11270	0
11272	0
11277	0
11278	0
11282	0
11283	0
11286	0
11288	0
11291	0
11292	0
11296	0
11298	0
11299	0
11300	0
11302	0
11304	0
11305	0
11306	0
11316	0
11319	0
11320	0
11324	0
11325	0
11329	0
11334	0
11336	0
11337	0
11343	0
11346	0
11347	0
11349	0
11350	0
11351	0
11355	0
11357	0
11364	0
11366	0
11369	0
11374	0
11376	0
11379	0
11383	0
11386	0
11394	0
11395	0
11397	0
11400	0
11405	0
11406	0
11407	0
11409	0
11410	0
11412	0
11413	0
11417	0
11421	0
11426	0
11427	0
11428	0
11429	0
11435	0
11437	0
11438	0
11439	0
11449	0
11454	0
11456	0
11458	0
11461	0
11471	0
11472	0
11473	0
11474	0
11477	0
11483	0
11485	0
11486	0
11487	0
11491	0
11492	0
11494	0
11496	0
11504	0
11508	0
11513	0
11515	0
11518	0
11521	0
11524	0
11527	0
11528	0
11530	0
11533	0
11538	0
11539	0
11541	0
11548	0
11549	0
11550	0
11552	0
11553	0
11554	0
11560	0
11561	0
11565	0
11568	0
11570	0
11572	0
11573	0
11575	0
11578	0
11587	0
11588	0
11589	0
11590	0
11595	0
11598	0
11601	0
11603	0
11605	0
11606	0
11609	0
11610	0
11611	0
11612	0
11613	0
11614	0
11615	0
11616	0
11622	0
11624	0
11626	0
11627	0
11628	0
11629	0
11632	0
11633	0
11634	0
11635	0
11636	0
11639	0
11640	0
11641	0
11643	0
11648	0
11649	0
11653	0
11657	0
11658	0
11661	0
11663	0
11664	0
11665	0
11667	0
11676	0
11682	0
11683	0
11684	0
11685	0
11690	0
11691	0
11692	0
11694	0
11696	0
11698	0
11701	0
11702	0
11707	0
11709	0
11710	0
11712	0
11713	0
11717	0
11718	0
11721	0
11723	0
11724	0
11728	0
11729	0
11732	0
11733	0
11734	0
11738	0
11740	0
11741	0
11743	0
11746	0
11748	0
11749	0
11753	0
11754	0
11755	0
11757	0
11760	0
11762	0
11763	0
11765	0
11768	0
11770	0
11771	0
11774	0
11775	0
11778	0
11779	0
11781	0
11784	0
11789	0
11791	0
11792	0
11793	0
11794	0
11795	0
11797	0
11798	0
11804	0
11806	0
11810	0
11811	0
11813	0
11819	0
11820	0
11822	0
11831	0
11833	0
11836	0
11839	0
11840	0
11841	0
11847	0
11848	0
11849	0
11852	0
11853	0
11854	0
11855	0
11857	0
11859	0
11860	0
11866	0
11868	0
11869	0
11870	0
11875	0
11877	0
11879	0
11882	0
11883	0
11889	0
11890	0
11891	0
11892	0
11894	0
11895	0
11897	0
11900	0
11901	0
11902	0
11903	0
11904	0
11905	0
11906	0
11907	0
11910	0
11911	0
11917	0
11918	0
11924	0
11927	0
11928	0
11930	0
11933	0
11939	0
11942	0
11948	0
11950	0
11953	0
11954	0
11955	0
11959	0
11961	0
11962	0
11965	0
11966	0
11967	0
11968	0
11970	0
11971	0
11972	0
11976	0
11977	0
11979	0
11980	0
11981	0
11982	0
11985	0
11986	0
11990	0
11991	0
11996	0
12006	0
12007	0
12010	0
12011	0
12013	0
12014	0
12015	0
12016	0
12017	0
12018	0
12019	0
12020	0
12022	0
12023	0
12024	0
12025	0
12027	0
12028	0
12029	0
12031	0
12033	0
12037	0
12039	0
12041	0
12045	0
12049	0
12052	0
12053	0
12054	0
12055	0
12056	0
12057	0
12060	0
12062	0
12064	0
12065	0
12068	0
12069	0
12073	0
12079	0
12085	0
12087	0
12090	0
12097	0
12099	0
12100	0
12103	0
12111	0
12112	0
12121	0
12122	0
12128	0
12131	0
12133	0
12134	0
12139	0
12142	0
12147	0
12151	0
12153	0
12156	0
12159	0
12160	0
12163	0
12164	0
12165	0
12169	0
12178	0
12179	0
12180	0
12181	0
12184	0
12194	0
12195	0
12196	0
12197	0
12198	0
12199	0
12201	0
12202	0
12205	0
12207	0
12208	0
12209	0
12211	0
12214	0
12216	0
12218	0
12221	0
12223	0
12224	0
12228	0
12229	0
12236	0
12237	0
12238	0
12242	0
12243	0
12253	0
12259	0
12260	0
12261	0
12262	0
12268	0
12269	0
12270	0
12271	0
12272	0
12273	0
12274	0
12279	0
12281	0
12282	0
12287	0
12486	0
12491	0
13312	0
13313	0
13321	0
13322	0
13327	0
13328	0
13329	0
13330	0
13335	0
13336	0
13337	0
13339	0
13342	0
13343	0
13344	0
13346	0
13347	0
13350	0
13360	0
13363	0
13366	0
13368	0
13371	0
13372	0
13373	0
13374	0
13375	0
13378	0
13379	0
13382	0
13384	0
13387	0
13388	0
13390	0
13391	0
13393	0
13394	0
13395	0
13399	0
13401	0
13403	0
13404	0
13408	0
13409	0
13413	0
13414	0
13416	0
13417	0
13419	0
13423	0
13425	0
13426	0
13431	0
13433	0
13434	0
13435	0
13436	0
13439	0
13443	0
13444	0
13445	0
13449	0
13451	0
13454	0
13458	0
13461	0
13463	0
13464	0
13467	0
13471	0
13472	0
13473	0
13477	0
13478	0
13483	0
13488	0
13490	0
13491	0
13494	0
13496	0
13500	0
13502	0
13506	0
13507	0
13511	0
13516	0
13517	0
13523	0
13529	0
13534	0
13539	0
13540	0
13547	0
13552	0
13558	0
13559	0
13560	0
13563	0
13565	0
13567	0
13568	0
13570	0
13572	0
13573	0
13574	0
13576	0
13578	0
13586	0
13588	0
13593	0
13595	0
13596	0
13598	0
13599	0
13601	0
13602	0
13604	0
13607	0
13612	0
13613	0
13614	0
13624	0
13625	0
13627	0
13630	0
13632	0
13633	0
13635	0
13638	0
13641	0
13642	0
13645	0
13651	0
13653	0
13654	0
13659	0
13661	0
13662	0
13676	0
13680	0
13683	0
13685	0
13688	0
13689	0
13693	0
13695	0
13698	0
13701	0
13702	0
13707	0
13710	0
13713	0
13716	0
13717	0
13718	0
13722	0
13726	0
13727	0
13729	0
13731	0
13736	0
13737	0
13738	0
13740	0
13741	0
13743	0
13744	0
13750	0
13753	0
13755	0
13758	0
13760	0
13762	0
13764	0
13765	0
13766	0
13769	0
13770	0
13772	0
13775	0
13776	0
13778	0
13781	0
13782	0
13784	0
13786	0
13789	0
13790	0
13793	0
13795	0
13799	0
13800	0
13803	0
13806	0
13810	0
13812	0
13813	0
13815	0
13816	0
13817	0
13818	0
13819	0
13820	0
13824	0
13829	0
13830	0
13831	0
13832	0
13833	0
13837	0
13840	0
13842	0
13843	0
13845	0
13846	0
13848	0
13850	0
13851	0
13852	0
13855	0
13859	0
13860	0
13865	0
13866	0
13868	0
13871	0
13877	0
13880	0
13882	0
13883	0
13885	0
13887	0
13888	0
13889	0
13893	0
13894	0
13896	0
13898	0
13899	0
13900	0
13904	0
13905	0
13906	0
13908	0
13915	0
13916	0
13919	0
13920	0
13921	0
13925	0
13927	0
13930	0
13931	0
13932	0
13933	0
13939	0
13941	0
13942	0
13943	0
13944	0
13946	0
13947	0
13950	0
13951	0
13952	0
13954	0
13960	0
13963	0
13967	0
13969	0
13973	0
13976	0
13983	0
13986	0
13992	0
13996	0
13997	0
13998	0
14005	0
14008	0
14010	0
14011	0
14016	0
14018	0
14021	0
14025	0
14032	0
14033	0
14034	0
14036	0
14037	0
14039	0
14045	0
14046	0
14047	0
14051	0
14052	0
14054	0
14062	0
14063	0
14065	0
14066	0
14067	0
14070	0
14075	0
14076	0
14079	0
14082	0
14090	0
14094	0
14098	0
14103	0
14107	0
14113	0
14114	0
14120	0
14124	0
14125	0
14127	0
14133	0
14134	0
14139	0
14140	0
14143	0
14146	0
14148	0
14149	0
14150	0
14151	0
14153	0
14154	0
14155	0
14158	0
14160	0
14168	0
14171	0
14175	0
14176	0
14182	0
14188	0
14189	0
14194	0
14195	0
14196	0
14205	0
14211	0
14217	0
14219	0
14221	0
14228	0
14229	0
14237	0
14239	0
14243	0
14244	0
14257	0
14265	0
14268	0
14275	0
14276	0
14279	0
14287	0
14290	0
14291	0
14292	0
14293	0
14294	0
14297	0
14298	0
14299	0
14311	0
14315	0
14325	0
14327	0
14328	0
14329	0
14330	0
14338	0
14341	0
14342	0
14348	0
14352	0
14353	0
14356	0
14365	0
14369	0
14374	0
14375	0
14379	0
14382	0
14394	0
14397	0
14399	0
14403	0
14407	0
14418	0
14419	0
14426	0
14427	0
14431	0
14435	0
14439	0
14440	0
14447	0
14448	0
14461	0
14462	0
14473	0
14484	0
14486	0
14506	0
14517	0
14523	0
64333	0
65105	0
7	1
224	1
517	1
702	1
719	1
786	1
790	1
1104	1
1136	1
1137	1
1140	1
1200	1
1220	1
1257	1
1270	1
1273	1
1290	1
1670	1
1755	1
1759	1
1835	1
1836	1
1841	1
1849	1
1850	1
1877	1
1880	1
1882	1
1888	1
1889	1
1890	1
1901	1
1902	1
1903	1
1922	1
2007	1
2028	1
2043	1
2047	1
2108	1
2109	1
2110	1
2119	1
2120	1
2131	1
2134	1
2135	1
2529	1
2561	1
2571	1
2586	1
2603	1
2607	1
2612	1
2647	1
2686	1
2818	1
2822	1
2830	1
2856	1
2861	1
2863	1
2871	1
2874	1
3083	1
3209	1
3228	1
3240	1
3246	1
3248	1
3255	1
3257	1
3262	1
3265	1
3272	1
3286	1
3292	1
3293	1
3300	1
3303	1
3304	1
3320	1
3324	1
3328	1
3330	1
3333	1
3334	1
3336	1
3342	1
3344	1
3352	1
3615	1
3745	1
3917	1
4269	1
4546	1
4589	1
4618	1
4983	1
5089	1
5378	1
5379	1
5381	1
5385	1
5388	1
5390	1
5391	1
5392	1
5398	1
5399	1
5400	1
5401	1
5403	1
5405	1
5407	1
5409	1
5413	1
5417	1
5418	1
5419	1
5423	1
5424	1
5427	1
5428	1
5430	1
5432	1
5434	1
5435	1
5459	1
5462	1
5463	1
5466	1
5481	1
5482	1
5484	1
5490	1
5492	1
5494	1
5496	1
5499	1
5500	1
5503	1
5506	1
5512	1
5517	1
5519	1
5521	1
5533	1
5535	1
5539	1
5549	1
5551	1
5552	1
5557	1
5559	1
5564	1
5569	1
5571	1
5577	1
5578	1
5579	1
5587	1
5588	1
5589	1
5590	1
5595	1
5597	1
5600	1
5604	1
5607	1
5610	1
5611	1
5615	1
5620	1
5621	1
5622	1
5623	1
5624	1
5628	1
5629	1
5631	1
5669	1
6067	1
6656	1
6659	1
6666	1
6669	1
6684	1
6686	1
6687	1
6688	1
6691	1
6695	1
6696	1
6705	1
6706	1
6710	1
6717	1
6719	1
6721	1
6725	1
6728	1
6730	1
6732	1
6735	1
6739	1
6740	1
6742	1
6745	1
6747	1
6751	1
6752	1
6754	1
6756	1
6757	1
6761	1
6763	1
6764	1
6765	1
6771	1
6772	1
6774	1
6776	1
6779	1
6783	1
6785	1
6794	1
6796	1
6805	1
6813	1
6821	1
6823	1
6829	1
6830	1
6834	1
6835	1
6842	1
6847	1
6848	1
6852	1
6855	1
6859	1
6862	1
6870	1
6871	1
6873	1
6887	1
6893	1
6895	1
6900	1
6901	1
6902	1
7148	1
7176	1
7363	1
7506	1
8068	1
8072	1
8195	1
8196	1
8199	1
8201	1
8205	1
8208	1
8209	1
8210	1
8213	1
8215	1
8216	1
8217	1
8218	1
8220	1
8221	1
8223	1
8224	1
8227	1
8231	1
8232	1
8237	1
8239	1
8243	1
8244	1
8245	1
8250	1
8251	1
8252	1
8254	1
8257	1
8259	1
8266	1
8270	1
8271	1
8277	1
8280	1
8281	1
8289	1
8290	1
8295	1
8296	1
8297	1
8298	1
8301	1
8303	1
8304	1
8306	1
8307	1
8309	1
8311	1
8316	1
8319	1
8327	1
8330	1
8332	1
8339	1
8351	1
8354	1
8355	1
8360	1
8366	1
8368	1
8372	1
8373	1
8375	1
8379	1
8384	1
8387	1
8391	1
8392	1
8394	1
8397	1
8401	1
8404	1
8405	1
8406	1
8408	1
8413	1
8419	1
8421	1
8422	1
8426	1
8434	1
8435	1
8437	1
8442	1
8447	1
8453	1
8454	1
8455	1
8468	1
8469	1
8472	1
8473	1
8476	1
8477	1
8481	1
8483	1
8493	1
8495	1
8497	1
8507	1
8514	1
8520	1
8525	1
8526	1
8528	1
8529	1
8539	1
8540	1
8542	1
8544	1
8546	1
8549	1
8553	1
8559	1
8560	1
8562	1
8569	1
8572	1
8575	1
8582	1
8586	1
8588	1
8593	1
8598	1
8602	1
8607	1
8608	1
8610	1
8612	1
8613	1
8616	1
8620	1
8622	1
8625	1
8627	1
8635	1
8638	1
8640	1
8648	1
8649	1
8650	1
8651	1
8653	1
8656	1
8659	1
8667	1
8669	1
8673	1
8674	1
8680	1
8681	1
8686	1
8687	1
8689	1
8702	1
8703	1
8709	1
8718	1
8729	1
8731	1
8733	1
8735	1
8736	1
8737	1
8739	1
8740	1
8741	1
8743	1
8747	1
8750	1
8757	1
8758	1
8761	1
8763	1
8767	1
8773	1
8785	1
8787	1
8792	1
8793	1
8794	1
8796	1
8801	1
8802	1
8807	1
8818	1
8820	1
8821	1
8823	1
8830	1
8833	1
8840	1
8843	1
8844	1
8845	1
8851	1
8852	1
8853	1
8859	1
8862	1
8864	1
8871	1
8873	1
8875	1
8879	1
8881	1
8883	1
8892	1
8893	1
8897	1
8899	1
8902	1
8903	1
8905	1
8910	1
8912	1
8913	1
8914	1
8917	1
8918	1
8924	1
8925	1
8928	1
8932	1
8935	1
8938	1
8939	1
8940	1
8942	1
8943	1
8946	1
8950	1
8952	1
8954	1
8957	1
8967	1
8969	1
8971	1
8974	1
8975	1
8977	1
8982	1
8984	1
8986	1
8987	1
8989	1
8993	1
9004	1
9007	1
9008	1
9011	1
9013	1
9018	1
9019	1
9022	1
9023	1
9025	1
9026	1
9027	1
9030	1
9031	1
9040	1
9041	1
9042	1
9043	1
9044	1
9052	1
9053	1
9055	1
9057	1
9059	1
9063	1
9065	1
9066	1
9067	1
9072	1
9073	1
9075	1
9080	1
9083	1
9084	1
9086	1
9090	1
9092	1
9096	1
9099	1
9105	1
9106	1
9108	1
9109	1
9115	1
9119	1
9120	1
9125	1
9126	1
9132	1
9133	1
9138	1
9142	1
9143	1
9144	1
9145	1
9150	1
9158	1
9161	1
9164	1
9165	1
9166	1
9167	1
9169	1
9170	1
9171	1
9172	1
9175	1
9177	1
9179	1
9181	1
9182	1
9185	1
9187	1
9189	1
9191	1
9192	1
9193	1
9194	1
9195	1
9197	1
9206	1
9211	1
9212	1
9214	1
9215	1
9557	1
11341	1
11983	1
12234	1
12288	1
12291	1
12295	1
12298	1
12302	1
12306	1
12307	1
12308	1
12312	1
12316	1
12320	1
12321	1
12322	1
12323	1
12328	1
12331	1
12333	1
12334	1
12337	1
12338	1
12339	1
12341	1
12343	1
12348	1
12350	1
12353	1
12355	1
12356	1
12357	1
12359	1
12360	1
12361	1
12365	1
12368	1
12370	1
12371	1
12374	1
12377	1
12378	1
12385	1
12386	1
12387	1
12388	1
12390	1
12392	1
12394	1
12399	1
12401	1
12404	1
12407	1
12411	1
12413	1
12415	1
12419	1
12420	1
12421	1
12422	1
12424	1
12429	1
12430	1
12432	1
12433	1
12436	1
12437	1
12438	1
12447	1
12449	1
12450	1
12454	1
12455	1
12456	1
12457	1
12458	1
12459	1
12461	1
12466	1
12470	1
12471	1
12473	1
12475	1
12479	1
12480	1
12482	1
12483	1
12485	1
12488	1
12492	1
12493	1
12496	1
12497	1
12502	1
12503	1
12506	1
12507	1
12510	1
12511	1
12512	1
12513	1
12518	1
12519	1
12520	1
12521	1
12530	1
12531	1
12532	1
12534	1
12535	1
12536	1
12540	1
12541	1
12544	1
12546	1
12547	1
12552	1
12553	1
12554	1
12555	1
12558	1
12560	1
12563	1
12568	1
12569	1
12570	1
12571	1
12576	1
12577	1
12579	1
12581	1
12584	1
12595	1
12596	1
12597	1
12602	1
12606	1
12610	1
12611	1
12612	1
12614	1
12616	1
12620	1
12621	1
12623	1
12625	1
12626	1
12628	1
12633	1
12634	1
12635	1
12638	1
12639	1
12640	1
12647	1
12649	1
12651	1
12653	1
12655	1
12657	1
12658	1
12661	1
12664	1
12665	1
12666	1
12667	1
12670	1
12676	1
12678	1
12688	1
12692	1
12694	1
12701	1
12703	1
12708	1
12709	1
12715	1
12720	1
12721	1
12722	1
12726	1
12731	1
12732	1
12745	1
12750	1
12755	1
12761	1
12762	1
12767	1
12769	1
12772	1
12775	1
12776	1
12785	1
12786	1
12796	1
12797	1
12798	1
12813	1
12822	1
12830	1
12834	1
12836	1
12854	1
12860	1
12871	1
13530	1
13646	1
13987	1
1241	2
1967	2
2546	2
2588	2
2614	2
2847	2
3208	2
3233	2
3245	2
3260	2
3268	2
3278	2
3323	2
3329	2
5377	2
5408	2
5421	2
5425	2
5470	2
5479	2
5489	2
5522	2
5606	2
6663	2
6700	2
6702	2
6715	2
6741	2
6744	2
6746	2
6769	2
6778	2
6799	2
6802	2
6822	2
6844	2
6845	2
6867	2
6884	2
8194	2
8197	2
8200	2
8206	2
8207	2
8212	2
8248	2
8253	2
8262	2
8278	2
8293	2
8294	2
8313	2
8314	2
8321	2
8329	2
8335	2
8338	2
8343	2
8353	2
8362	2
8378	2
8386	2
8388	2
8390	2
8396	2
8400	2
8415	2
8428	2
8429	2
8431	2
8445	2
8456	2
8465	2
8466	2
8474	2
8486	2
8488	2
8505	2
8509	2
8516	2
8517	2
8522	2
8530	2
8534	2
8555	2
8573	2
8581	2
8591	2
8605	2
8617	2
8618	2
8643	2
8672	2
8685	2
8688	2
8700	2
8705	2
8706	2
8707	2
8708	2
8710	2
8717	2
8721	2
8745	2
8756	2
8762	2
8764	2
8771	2
8777	2
8778	2
8795	2
8806	2
8808	2
8860	2
8866	2
8869	2
8876	2
8877	2
8880	2
8900	2
8919	2
8923	2
8926	2
8927	2
8930	2
8951	2
8953	2
8963	2
8990	2
8991	2
8992	2
9000	2
9005	2
9015	2
9016	2
9021	2
9058	2
9064	2
9069	2
9070	2
9087	2
9095	2
9097	2
9102	2
9121	2
9127	2
9128	2
9137	2
9151	2
9152	2
9154	2
9160	2
9176	2
9184	2
9199	2
9202	2
9205	2
10637	2
11042	2
11127	2
11331	2
12304	2
12310	2
12336	2
12364	2
12369	2
12402	2
12439	2
12443	2
12509	2
12539	2
12549	2
12562	2
12564	2
12588	2
12605	2
12609	2
12672	2
12711	2
12716	2
12723	2
12735	2
12794	2
12814	2
12829	2
12842	2
12847	2
12856	2
201	3
1221	3
2764	3
2823	3
3409	3
4634	3
4736	3
4738	3
4739	3
4740	3
4742	3
4744	3
4752	3
4763	3
4768	3
4786	3
4794	3
4797	3
4802	3
4804	3
4805	3
4807	3
4860	3
6831	3
7175	3
7469	3
7474	3
7475	3
7476	3
7477	3
7486	3
7489	3
7492	3
7496	3
7498	3
7542	3
7543	3
7555	3
7556	3
7566	3
7567	3
7569	3
7570	3
7571	3
7572	3
7573	3
7574	3
7579	3
7580	3
7583	3
7584	3
7585	3
7586	3
7591	3
7598	3
7600	3
7602	3
7603	3
7604	3
7605	3
7606	3
7607	3
7611	3
7617	3
7628	3
7631	3
7632	3
7635	3
7637	3
7644	3
7647	3
7648	3
7652	3
7657	3
7694	3
7701	3
7702	3
7703	3
7704	3
7714	3
7716	3
7718	3
7719	3
7721	3
9261	3
9262	3
9265	3
9266	3
9267	3
9268	3
9278	3
9279	3
9280	3
9282	3
9284	3
9285	3
9288	3
9295	3
9298	3
9300	3
9302	3
9303	3
9313	3
9314	3
9324	3
9325	3
9328	3
9332	3
9333	3
9336	3
9338	3
9342	3
9382	3
9384	3
9387	3
9396	3
9398	3
9408	3
9412	3
9421	3
9424	3
9426	3
9427	3
9428	3
9429	3
9431	3
9432	3
9433	3
9436	3
9438	3
9443	3
9446	3
9447	3
9460	3
9461	3
9462	3
9463	3
9465	3
9470	3
9476	3
9477	3
9480	3
9481	3
9482	3
9484	3
9495	3
9496	3
9500	3
9501	3
9507	3
9509	3
9511	3
9517	3
9518	3
9540	3
9543	3
9544	3
9547	3
9550	3
9553	3
9555	3
9559	3
9564	3
9585	3
9623	3
9624	3
9650	3
9651	3
9661	3
9664	3
9668	3
9672	3
9716	3
9717	3
9718	3
9720	3
9721	3
9723	3
9727	3
9731	3
9736	3
9746	3
9748	3
9750	3
9752	3
9787	3
544	4
565	4
1739	4
1741	4
2118	4
2148	4
2578	4
2587	4
2643	4
2683	4
2766	4
2820	4
2848	4
2854	4
2875	4
2895	4
3058	4
3216	4
3218	4
3221	4
3235	4
3239	4
3253	4
3267	4
3312	4
3316	4
3325	4
3335	4
3343	4
3351	4
3389	4
3429	4
4729	4
5386	4
5387	4
5433	4
5467	4
5468	4
5471	4
5480	4
5495	4
5523	4
5537	4
5553	4
5558	4
5563	4
5567	4
5568	4
5572	4
5573	4
5592	4
6662	4
6671	4
6673	4
6690	4
6694	4
6699	4
6767	4
6788	4
6800	4
6807	4
6819	4
6828	4
6854	4
6856	4
6857	4
6858	4
6863	4
6868	4
6869	4
6880	4
6903	4
8241	4
8249	4
8263	4
8291	4
8299	4
8324	4
8331	4
8336	4
8342	4
8345	4
8348	4
8350	4
8359	4
8370	4
8371	4
8382	4
8393	4
8395	4
8402	4
8409	4
8411	4
8440	4
8443	4
8449	4
8470	4
8480	4
8482	4
8498	4
8504	4
8510	4
8511	4
8515	4
8557	4
8563	4
8568	4
8570	4
8580	4
8592	4
8594	4
8595	4
8615	4
8623	4
8629	4
8634	4
8636	4
8663	4
8675	4
8684	4
8691	4
8701	4
8711	4
8730	4
8732	4
8744	4
8749	4
8752	4
8753	4
8755	4
8790	4
8810	4
8825	4
8828	4
8829	4
8856	4
8888	4
8901	4
8904	4
8915	4
8988	4
8997	4
9056	4
9068	4
9107	4
9110	4
9148	4
9157	4
9198	4
11767	4
12314	4
12327	4
12332	4
12335	4
12380	4
12396	4
12397	4
12416	4
12448	4
12451	4
12452	4
12487	4
12499	4
12517	4
12538	4
12550	4
12613	4
12622	4
12630	4
12668	4
12679	4
12683	4
12685	4
12690	4
12705	4
12714	4
12724	4
12730	4
12739	4
12768	4
12790	4
173	5
202	5
2497	5
2498	5
2500	5
2501	5
2503	5
2504	5
2505	5
2506	5
2508	5
2510	5
2511	5
2512	5
2513	5
2514	5
2515	5
2516	5
2518	5
2519	5
2520	5
2521	5
2522	5
2523	5
2524	5
2525	5
2526	5
2527	5
2554	5
2687	5
2907	5
2915	5
3460	5
3488	5
3510	5
4197	5
4459	5
4672	5
4673	5
4675	5
4677	5
4678	5
4680	5
4681	5
4682	5
4683	5
4684	5
4685	5
4686	5
4688	5
4689	5
4691	5
4692	5
4693	5
4694	5
4695	5
4696	5
4700	5
4702	5
4703	5
4704	5
4707	5
4708	5
4709	5
4710	5
4711	5
4713	5
4714	5
4716	5
4717	5
4719	5
4720	5
4722	5
4723	5
4724	5
4725	5
4728	5
4730	5
4732	5
4733	5
4735	5
4758	5
4767	5
4777	5
4796	5
7306	5
7490	5
7500	5
7501	5
7502	5
7503	5
7511	5
7512	5
7513	5
7514	5
7515	5
7516	5
7518	5
7519	5
7521	5
7522	5
7523	5
7524	5
7525	5
7526	5
7527	5
7529	5
7530	5
7531	5
7660	5
7661	5
7662	5
7663	5
7664	5
7665	5
7667	5
7668	5
7669	5
7670	5
7671	5
7672	5
7673	5
7674	5
7676	5
7677	5
7678	5
7679	5
7682	5
7685	5
7686	5
7689	5
7690	5
7691	5
7713	5
7811	5
8069	5
9299	5
9335	5
9350	5
9351	5
9352	5
9353	5
9354	5
9355	5
9356	5
9358	5
9359	5
9362	5
9363	5
9364	5
9365	5
9367	5
9368	5
9369	5
9370	5
9371	5
9372	5
9374	5
9376	5
9380	5
9435	5
9497	5
9515	5
9536	5
10743	5
11018	5
11158	5
13495	5
33	6
73	6
80	6
88	6
97	6
101	6
234	6
2568	6
2914	6
3130	6
3396	6
3557	6
3727	6
3783	6
3807	6
3819	6
3838	6
3933	6
3946	6
4258	6
4306	6
4527	6
4595	6
4787	6
4912	6
5798	6
6108	6
6178	6
6227	6
6320	6
6326	6
6331	6
6345	6
6358	6
6367	6
6428	6
6481	6
6493	6
6494	6
6577	6
6623	6
6942	6
6971	6
7013	6
7118	6
7193	6
7235	6
7252	6
7441	6
7473	6
7773	6
7774	6
7790	6
7806	6
7850	6
7929	6
7964	6
7982	6
8028	6
8037	6
8071	6
8159	6
10279	6
10363	6
10465	6
10494	6
10503	6
10602	6
10612	6
10686	6
10708	6
10714	6
10729	6
10731	6
10763	6
10831	6
10944	6
10973	6
10977	6
11045	6
11068	6
11092	6
11110	6
11142	6
11160	6
11186	6
11195	6
11205	6
11233	6
11303	6
11323	6
11363	6
11387	6
11424	6
11440	6
11462	6
11476	6
11479	6
11490	6
11509	6
11511	6
11517	6
11574	6
11608	6
11646	6
11655	6
11737	6
11787	6
11808	6
11826	6
11837	6
11874	6
11887	6
11893	6
11908	6
11916	6
11956	6
11964	6
12003	6
12044	6
12078	6
12082	6
12106	6
12115	6
12120	6
12127	6
12186	6
12204	6
12247	6
12275	6
13333	6
13358	6
13369	6
13386	6
13456	6
13462	6
13476	6
13548	6
13553	6
13557	6
13615	6
13621	6
13626	6
13636	6
13678	6
13756	6
13804	6
13841	6
13857	6
13884	6
13982	6
14088	6
14109	6
14206	6
14263	6
14507	6
13	7
22	7
37	7
48	7
83	7
84	7
89	7
132	7
139	7
149	7
175	7
213	7
219	7
222	7
227	7
252	7
255	7
272	7
298	7
303	7
374	7
385	7
395	7
398	7
400	7
412	7
422	7
424	7
440	7
467	7
497	7
523	7
555	7
592	7
619	7
625	7
635	7
637	7
638	7
721	7
724	7
745	7
747	7
765	7
767	7
999	7
1242	7
1260	7
1263	7
1317	7
1451	7
1452	7
1453	7
1455	7
1456	7
1458	7
1459	7
1460	7
1461	7
1462	7
1464	7
1466	7
1471	7
1472	7
1474	7
1475	7
1476	7
1477	7
1480	7
1482	7
1485	7
1488	7
1489	7
1491	7
1492	7
1494	7
1498	7
1499	7
1503	7
1504	7
1505	7
1507	7
1521	7
1527	7
1531	7
1533	7
1556	7
1559	7
1562	7
1564	7
1569	7
1580	7
1589	7
1590	7
1591	7
1598	7
1600	7
1602	7
1637	7
1649	7
1655	7
1727	7
1874	7
1904	7
1913	7
1914	7
1959	7
1984	7
1985	7
1989	7
2046	7
2632	7
2721	7
2746	7
2749	7
3146	7
3475	7
3520	7
3916	7
4123	7
4444	7
5058	7
5109	7
5180	7
5181	7
5256	7
5264	7
5295	7
5303	7
5839	7
5855	7
5856	7
5872	7
5881	7
5927	7
5939	7
5954	7
5957	7
5958	7
5961	7
5962	7
5972	7
5974	7
5976	7
5978	7
6000	7
6595	7
7170	7
8174	7
74	8
239	8
271	8
376	8
549	8
577	8
611	8
684	8
705	8
800	8
802	8
803	8
808	8
813	8
814	8
815	8
816	8
818	8
820	8
831	8
834	8
838	8
839	8
852	8
854	8
855	8
2161	8
2493	8
2651	8
2652	8
2659	8
2767	8
3359	8
3493	8
3602	8
3672	8
3766	8
3812	8
3848	8
4143	8
4433	8
4470	8
4509	8
4939	8
5071	8
5688	8
5690	8
5755	8
5765	8
5769	8
6058	8
6171	8
6183	8
6241	8
6327	8
6401	8
6407	8
6463	8
6509	8
6537	8
6539	8
6638	8
7036	8
7122	8
7271	8
7307	8
7361	8
7366	8
7398	8
7443	8
7445	8
7456	8
7734	8
7781	8
7788	8
7794	8
7826	8
7861	8
7878	8
7992	8
8013	8
8111	8
8160	8
8187	8
9296	8
9451	8
10261	8
10264	8
10329	8
10354	8
10388	8
10400	8
10482	8
10520	8
10687	8
10786	8
10808	8
10856	8
10965	8
10972	8
11084	8
11085	8
11103	8
11119	8
11257	8
11260	8
11290	8
11342	8
11453	8
11468	8
11478	8
11489	8
11522	8
11566	8
11647	8
11666	8
11679	8
11700	8
11727	8
11742	8
11814	8
11969	8
11998	8
12004	8
12021	8
12059	8
12093	8
12188	8
12226	8
12239	8
12263	8
13319	8
13365	8
13418	8
13441	8
13594	8
13616	8
13657	8
13705	8
13773	8
13911	8
13937	8
14078	8
14116	8
14193	8
14472	8
65002	8
1237	9
1781	9
2563	9
3608	9
3748	9
3784	9
3786	9
3813	9
3825	9
3976	9
4660	9
4663	9
4665	9
4668	9
4669	9
4670	9
4745	9
4749	9
4766	9
4790	9
4791	9
4792	9
4961	9
5051	9
6068	9
7557	9
7558	9
7559	9
7561	9
7562	9
7563	9
7564	9
7620	9
7621	9
7622	9
7623	9
7624	9
7626	9
7627	9
9270	9
9271	9
9273	9
9274	9
9275	9
9276	9
9277	9
9316	9
9317	9
9318	9
9320	9
9321	9
9322	9
9323	9
9452	9
9454	9
9455	9
9456	9
9457	9
9458	9
9459	9
9487	9
9488	9
9489	9
9490	9
9491	9
9492	9
9493	9
9494	9
9521	9
9522	9
9524	9
9525	9
9526	9
9527	9
9528	9
9529	9
9530	9
9531	9
9532	9
9568	9
9569	9
9572	9
9573	9
9574	9
9575	9
9576	9
9579	9
9581	9
9629	9
9631	9
9632	9
9634	9
9637	9
9638	9
9639	9
9640	9
9641	9
9642	9
9644	9
9645	9
9646	9
9647	9
9683	9
9684	9
9685	9
9686	9
9688	9
9689	9
9690	9
9691	9
9692	9
9693	9
9694	9
9695	9
9696	9
9698	9
9699	9
9700	9
9701	9
9702	9
9703	9
9704	9
9705	9
9706	9
9708	9
9709	9
9711	9
9756	9
9759	9
9760	9
9765	9
9767	9
9770	9
9772	9
9773	9
6	10
72	10
775	10
777	10
1301	10
1303	10
1307	10
1309	10
1665	10
1708	10
1899	10
2062	10
2269	10
2486	10
2917	10
3215	10
3259	10
3305	10
5410	10
5436	10
5560	10
5594	10
5630	10
6215	10
6675	10
6678	10
6689	10
6729	10
6758	10
6760	10
6804	10
6851	10
6894	10
6904	10
6906	10
8228	10
8255	10
8274	10
8310	10
8312	10
8361	10
8399	10
8460	10
8494	10
8527	10
8554	10
8677	10
8723	10
8724	10
8746	10
8780	10
8784	10
8799	10
8836	10
8839	10
8874	10
8891	10
8908	10
8921	10
8948	10
8964	10
8983	10
8999	10
9036	10
9078	10
9098	10
9130	10
9159	10
9180	10
9210	10
10806	10
12303	10
12318	10
12362	10
12366	10
12372	10
12395	10
12398	10
12409	10
12412	10
12417	10
12523	10
12528	10
12566	10
12600	10
12601	10
12629	10
12642	10
12645	10
12662	10
12669	10
12696	10
12727	10
12733	10
12744	10
12765	10
12771	10
12826	10
12863	10
12864	10
3	11
9	11
12	11
14	11
17	11
20	11
26	11
27	11
29	11
34	11
46	11
55	11
77	11
102	11
104	11
111	11
145	11
194	11
204	11
210	11
225	11
377	11
1201	11
1206	11
1224	11
1249	11
1312	11
1334	11
1706	11
1742	11
1832	11
2381	11
2552	11
2698	11
2900	11
2902	11
3128	11
3136	11
3152	11
3388	11
3527	11
3553	11
3676	11
3677	11
3681	11
3685	11
3756	11
3912	11
3999	11
4130	11
4211	11
5050	11
5640	11
5682	11
5723	11
5739	11
6059	11
6122	11
6510	11
7050	11
7066	11
7081	11
7212	11
7272	11
7377	11
7880	11
10357	11
10466	11
10545	11
10546	11
10578	11
10579	11
10755	11
10886	11
11078	11
11131	11
11279	11
11318	11
11536	11
11537	11
11745	11
11834	11
11872	11
11975	11
12118	11
12145	11
13315	11
13326	11
13398	11
13546	11
13555	11
13583	11
13918	11
2027	12
2042	12
2146	12
2609	12
2697	12
4005	12
4319	12
4538	12
4755	12
4774	12
4803	12
5384	12
5416	12
5505	12
5532	12
5639	12
6147	12
6400	12
6412	12
6453	12
6568	12
6639	12
6677	12
6713	12
6762	12
6866	12
7001	12
7137	12
7315	12
7470	12
7491	12
7590	12
7727	12
7928	12
7997	12
8035	12
8056	12
8065	12
8193	12
8225	12
8226	12
8272	12
8346	12
8376	12
8452	12
8496	12
8668	12
8781	12
8895	12
8959	12
8960	12
8961	12
9050	12
9079	12
9155	12
9430	12
9471	12
9498	12
9534	12
9583	12
10256	12
10299	12
10307	12
10569	12
11081	12
11139	12
11166	12
11259	12
11651	12
11764	12
11816	12
11960	12
11992	12
12066	12
12246	12
12252	12
12276	12
12297	12
12376	12
12524	12
12632	12
12713	12
12880	12
13331	12
13489	12
13537	12
14166	12
14179	12
14453	12
1932	13
2534	13
3512	13
3549	13
3931	13
4492	13
4599	13
4957	13
5033	13
5738	13
6123	13
6220	13
6221	13
6576	13
6950	13
6954	13
7151	13
7351	13
7765	13
7795	13
7837	13
7936	13
7976	13
8100	13
8117	13
10240	13
10325	13
10381	13
10390	13
10557	13
10663	13
10673	13
10732	13
10759	13
10860	13
10901	13
11022	13
11023	13
11124	13
11206	13
11333	13
11378	13
11418	13
11499	13
11638	13
11656	13
11669	13
11674	13
11680	13
11711	13
11722	13
11783	13
11803	13
11809	13
11881	13
11899	13
12012	13
12077	13
12084	13
12092	13
12108	13
12114	13
12117	13
12119	13
12144	13
12158	13
12235	13
12241	13
13345	13
13361	13
13405	13
13468	13
13508	13
13536	13
13543	13
13549	13
13623	13
13724	13
13734	13
13771	13
13890	13
13955	13
13956	13
13957	13
13975	13
14001	13
14095	13
14167	13
14184	13
703	14
2008	14
2706	14
2772	14
3084	14
3363	14
3661	14
3662	14
4058	14
4142	14
4158	14
4528	14
4605	14
4609	14
4610	14
4611	14
4614	14
4616	14
4623	14
4624	14
4627	14
4631	14
4637	14
4639	14
4641	14
4644	14
4645	14
4647	14
4650	14
4655	14
4656	14
4658	14
4748	14
4760	14
4764	14
4773	14
4801	14
4810	14
4849	14
5085	14
7046	14
7360	14
7468	14
7471	14
7479	14
7484	14
7499	14
7540	14
7565	14
7577	14
7578	14
7582	14
7589	14
7642	14
7643	14
7646	14
7650	14
7651	14
7659	14
7683	14
7695	14
7722	14
9269	14
9293	14
9304	14
9366	14
9409	14
9420	14
9440	14
9444	14
9468	14
9474	14
9502	14
9504	14
9513	14
9520	14
9552	14
9584	14
9590	14
9653	14
9655	14
9660	14
9665	14
9666	14
9714	14
9729	14
9732	14
9742	14
10953	14
1916	15
4230	15
5772	15
6125	15
6505	15
6543	15
7063	15
7162	15
7298	15
7365	15
7414	15
7738	15
7980	15
8141	15
8167	15
10362	15
10412	15
10417	15
10429	15
10454	15
10495	15
10531	15
10670	15
10688	15
10704	15
10715	15
10733	15
10875	15
10881	15
10906	15
10938	15
10954	15
11097	15
11156	15
11180	15
11242	15
11271	15
11284	15
11390	15
11415	15
11419	15
11431	15
11432	15
11497	15
11706	15
11751	15
11752	15
11800	15
11801	15
11802	15
11835	15
11896	15
11921	15
11993	15
12135	15
12136	15
12140	15
13316	15
13320	15
13353	15
13357	15
13761	15
13874	15
13914	15
13935	15
14026	15
14087	15
14204	15
14457	15
1267	16
2593	16
2594	16
3242	16
3302	16
3313	16
5382	16
5395	16
5397	16
5493	16
5510	16
5602	16
5609	16
6664	16
6665	16
6718	16
6734	16
6737	16
6882	16
8265	16
8441	16
8463	16
8564	16
8583	16
8626	16
8660	16
8722	16
8783	16
8815	16
8816	16
8827	16
8855	16
8857	16
8858	16
8911	16
8922	16
8941	16
8978	16
9034	16
9035	16
9037	16
9093	16
9104	16
9209	16
12309	16
12319	16
12340	16
12363	16
12428	16
12434	16
12445	16
12465	16
12468	16
12474	16
12489	16
12498	16
12505	16
12514	16
12515	16
12551	16
12565	16
12637	16
12650	16
12652	16
12710	16
12719	16
12779	16
12835	16
12839	16
2	17
1784	17
1808	17
3385	17
3404	17
5696	17
6062	17
6322	17
6388	17
6598	17
6603	17
6653	17
7023	17
7095	17
7098	17
7143	17
7215	17
7336	17
7359	17
7742	17
7755	17
7807	17
7832	17
7938	17
10260	17
10305	17
10323	17
10345	17
10573	17
10583	17
10609	17
10654	17
10781	17
10887	17
10943	17
10990	17
11052	17
11061	17
11067	17
11129	17
11170	17
11220	17
11301	17
11345	17
11368	17
11370	17
11470	17
11500	17
11501	17
11547	17
11586	17
11671	17
11739	17
11850	17
11858	17
11978	17
12212	17
12284	17
13455	17
13481	17
13503	17
13700	17
13706	17
13759	17
13779	17
13808	17
676	18
3449	18
3597	18
4270	18
4387	18
4926	18
4967	18
4995	18
5648	18
5745	18
6429	18
6471	18
7004	18
7005	18
7049	18
7303	18
7418	18
7803	18
7908	18
7993	18
8066	18
10277	18
10318	18
10452	18
10481	18
10605	18
10671	18
10697	18
10757	18
10778	18
10785	18
10795	18
10834	18
10983	18
10986	18
11008	18
11014	18
11063	18
11193	18
11256	18
11311	18
11315	18
11340	18
11356	18
11373	18
11392	18
11411	18
11450	18
11451	18
11503	18
11750	18
12264	18
13591	18
13643	18
13774	18
13878	18
13934	18
61100	18
16	19
31	19
38	19
43	19
45	19
50	19
68	19
188	19
291	19
292	19
293	19
378	19
513	19
668	19
683	19
1330	19
1657	19
1829	19
1842	19
2640	19
2901	19
3350	19
3380	19
3424	19
3428	19
3431	19
3450	19
3671	19
3932	19
4006	19
4136	19
4358	19
4496	19
5712	19
5719	19
6079	19
6081	19
6200	19
6261	19
6283	19
6406	19
7053	19
7374	19
7960	19
8191	19
10522	19
10702	19
10744	19
10792	19
11173	19
11389	19
11678	19
13475	19
13513	19
13597	19
14031	19
14101	19
14387	19
762	20
3356	20
3720	20
5041	20
5671	20
5705	20
5740	20
6064	20
6302	20
6317	20
6427	20
6489	20
6517	20
6525	20
6938	20
6982	20
7140	20
7201	20
7226	20
7296	20
7372	20
7458	20
7599	20
7766	20
7915	20
8010	20
8022	20
8059	20
8092	20
8137	20
8179	20
10439	20
10461	20
10487	20
10753	20
10811	20
11178	20
11194	20
11404	20
11766	20
11777	20
11935	20
12050	20
12206	20
12210	20
12233	20
12266	20
13380	20
13410	20
13649	20
13827	20
14024	20
14215	20
14281	20
14313	20
14355	20
226	21
714	21
3967	21
4257	21
4259	21
4554	21
4984	21
4996	21
5003	21
5088	21
5655	21
6354	21
6394	21
6416	21
6468	21
6508	21
6565	21
6644	21
7014	21
7019	21
7104	21
7128	21
7203	21
7280	21
7750	21
8082	21
10633	21
10703	21
10784	21
10805	21
10848	21
10911	21
11216	21
11251	21
11285	21
11594	21
11695	21
11864	21
11886	21
11957	21
12070	21
12125	21
12137	21
13341	21
13359	21
13362	21
13512	21
13721	21
13748	21
13910	21
13912	21
14099	21
14245	21
14246	21
278	22
1292	22
1322	22
1831	22
1840	22
2549	22
3454	22
3484	22
3548	22
3596	22
3632	22
3640	22
3810	22
3905	22
3968	22
4493	22
6065	22
6332	22
6342	22
6458	22
6495	22
6503	22
6590	22
6957	22
7038	22
7056	22
7080	22
7120	22
7125	22
7184	22
7325	22
7399	22
7438	22
7864	22
7974	22
8007	22
8140	22
8151	22
10420	22
10436	22
10479	22
10560	22
10847	22
11087	22
11136	22
11172	22
11519	22
11677	22
11888	22
12146	22
13999	22
14000	22
14178	22
752	23
3734	23
3925	23
4352	23
4654	23
4743	23
4854	23
4982	23
5081	23
5670	23
5687	23
6163	23
6289	23
6413	23
6440	23
6461	23
6555	23
6561	23
6936	23
7010	23
7086	23
7380	23
7397	23
7545	23
7581	23
7735	23
7783	23
7784	23
7961	23
8121	23
9418	23
9472	23
9671	23
10368	23
10538	23
10627	23
10993	23
11189	23
11414	23
11545	23
11697	23
12008	23
12076	23
12109	23
13446	23
13694	23
13861	23
13867	23
14100	23
1680	24
3339	24
4148	24
5486	24
6768	24
6875	24
6888	24
8203	24
8320	24
8347	24
8513	24
8551	24
8584	24
8715	24
8738	24
8742	24
8849	24
8867	24
8885	24
8894	24
8944	24
8945	24
8947	24
8958	24
9116	24
9117	24
9168	24
12400	24
12408	24
12441	24
12494	24
12495	24
12516	24
12537	24
12617	24
12619	24
12660	24
12736	24
12752	24
12753	24
12789	24
12818	24
12849	24
160	25
693	25
797	25
3365	25
3581	25
3669	25
3845	25
4277	25
5646	25
5656	25
5700	25
5773	25
6136	25
6214	25
6287	25
6325	25
6349	25
6392	25
6496	25
7263	25
7332	25
7395	25
7752	25
10601	25
10608	25
10692	25
10730	25
10768	25
11024	25
11044	25
11054	25
11401	25
11443	25
11526	25
11543	25
11689	25
11828	25
11871	25
11878	25
13709	25
13777	25
137	26
553	26
559	26
766	26
1213	26
1275	26
1754	26
1930	26
2107	26
2602	26
2611	26
2852	26
3211	26
3230	26
3251	26
3426	26
5441	26
5444	26
5445	26
5446	26
5457	26
5516	26
5520	26
6661	26
6733	26
6878	26
8365	26
8450	26
8519	26
8609	26
8933	26
8956	26
9010	26
9020	26
9208	26
12292	26
12313	26
12329	26
12349	26
12684	26
4374	27
5693	27
6172	27
6411	27
6941	27
7062	27
7756	27
10666	27
10746	27
10766	27
10823	27
10855	27
11182	27
11289	27
11330	27
11385	27
11393	27
11434	27
11582	27
11823	27
11862	27
12051	27
12132	27
12227	27
12230	27
12240	27
12265	27
13389	27
13465	27
13484	27
13493	27
13518	27
13520	27
13526	27
13545	27
13610	27
13617	27
13692	27
14359	27
3462	28
4662	28
4747	28
4778	28
4780	28
4781	28
4782	28
4783	28
7478	28
7480	28
7482	28
7483	28
7533	28
7534	28
7535	28
7538	28
7541	28
7649	28
7656	28
7696	28
7708	28
7710	28
9283	28
9312	28
9346	28
9415	28
9416	28
9450	28
9505	28
9554	28
9674	28
9675	28
9680	28
9739	28
9747	28
9749	28
9785	28
776	29
781	29
789	29
1300	29
1304	29
1305	29
1713	29
1716	29
1717	29
1719	29
1720	29
1721	29
1723	29
1725	29
1935	29
1936	29
1937	29
1938	29
1939	29
1940	29
1942	29
2060	29
2200	29
2222	29
2236	29
2237	29
2259	29
2418	29
2457	29
2470	29
2472	29
2477	29
2478	29
3256	29
1299	30
1729	30
2865	30
3249	30
3277	30
3301	30
3307	30
3308	30
3327	30
5518	30
5546	30
5605	30
5619	30
6709	30
6727	30
6793	30
6795	30
6820	30
6850	30
8198	30
8233	30
8240	30
8285	30
8377	30
8533	30
8574	30
8728	30
8896	30
9091	30
12375	30
12525	30
12526	30
12578	30
3700	31
6716	31
6948	31
7169	31
7455	31
7736	31
8001	31
8002	31
8012	31
8647	31
10457	31
10584	31
10910	31
11153	31
11179	31
11246	31
11362	31
11442	31
11867	31
12000	31
12157	31
12213	31
13323	31
13482	31
13498	31
13566	31
13622	31
13739	31
13821	31
14074	31
1955	32
2012	32
2547	32
3219	32
3314	32
3340	32
3346	32
5393	32
5483	32
5513	32
5554	32
5561	32
5565	32
5596	32
6668	32
6685	32
6711	32
6722	32
6784	32
6790	32
8448	32
8499	32
8512	32
8536	32
8571	32
8579	32
8696	32
8716	32
9024	32
1887	33
5550	33
5616	33
5617	33
6714	33
8246	33
8267	33
8286	33
8308	33
8323	33
8326	33
8374	33
8459	33
8501	33
8535	33
8633	33
8664	33
8798	33
8890	33
8965	33
8970	33
12324	33
12346	33
12423	33
12476	33
12580	33
12618	33
12631	33
12824	33
3273	34
4000	34
4003	34
5465	34
5509	34
5583	34
5722	34
6187	34
6743	34
6826	34
6853	34
6897	34
7618	34
7984	34
7994	34
8211	34
8269	34
8284	34
8624	34
8632	34
8765	34
9173	34
9196	34
9310	34
9478	34
12300	34
12414	34
14080	34
3252	35
3254	35
3261	35
3319	35
3326	35
5415	35
5593	35
5598	35
6703	35
6876	35
6877	35
6886	35
8192	35
8258	35
8349	35
8693	35
8788	35
8813	35
9213	35
12294	35
12545	35
12681	35
12691	35
12704	35
12706	35
12742	35
12780	35
12809	35
2041	36
3110	36
3817	36
3956	36
6086	36
6368	36
6472	36
6540	36
7044	36
7208	36
7219	36
7436	36
8149	36
10263	36
10265	36
10289	36
10322	36
10435	36
10475	36
10589	36
10754	36
11209	36
11591	36
11600	36
11668	36
13580	36
13826	36
14042	36
217	37
1998	37
4045	37
5006	37
5737	37
6924	37
7792	37
7800	37
7973	37
8148	37
10372	37
10377	37
10379	37
10386	37
10711	37
10765	37
10878	37
10879	37
10968	37
11544	37
11596	37
11812	37
12042	37
12283	37
13367	37
13376	37
13684	37
13892	37
99	38
286	38
568	38
772	38
1733	38
1746	38
1760	38
1800	38
1879	38
1881	38
1891	38
1897	38
2116	38
2274	38
2532	38
2819	38
3847	38
4276	38
4544	38
4553	38
4555	38
5474	38
6182	38
6205	38
6879	38
7233	38
9512	38
12472	38
690	39
1321	39
1323	39
1327	39
1328	39
1329	39
1331	39
1333	39
1662	39
1663	39
1667	39
1672	39
1673	39
1674	39
1675	39
1677	39
1687	39
1694	39
1697	39
2559	39
3358	39
3394	39
6462	39
7301	39
11313	39
14308	39
32	40
1280	40
1872	40
2828	40
3066	40
3563	40
3686	40
3840	40
3856	40
4313	40
4908	40
5637	40
5756	40
6066	40
6245	40
6405	40
6425	40
6939	40
7011	40
7091	40
7194	40
8018	40
10244	40
10742	40
11388	40
4513	41
6391	41
7217	41
10338	41
11082	41
11559	41
11579	41
11825	41
11925	41
11929	41
12001	41
12101	41
12110	41
12193	41
12220	41
13411	41
13437	41
13873	41
13902	41
13913	41
13985	41
14108	41
14415	41
3839	42
4274	42
4621	42
4651	42
4741	42
4762	42
4765	42
4776	42
7485	42
7487	42
7568	42
7613	42
7616	42
7636	42
7654	42
7715	42
9315	42
9411	42
9475	42
9486	42
9715	42
9744	42
3718	43
4355	43
4378	43
4565	43
5726	43
6352	43
7045	43
7442	43
10441	43
10701	43
10935	43
11222	43
11280	43
11371	43
12250	43
13385	43
13432	43
13532	43
13631	43
13677	43
13703	43
13869	43
3550	44
4434	44
4573	44
4761	44
4775	44
4795	44
4800	44
4855	44
6648	44
7629	44
7699	44
9386	44
9410	44
9441	44
9442	44
9448	44
9657	44
9728	44
9789	44
10275	44
11919	44
3384	45
4310	45
5702	45
6070	45
6107	45
6210	45
6986	45
7006	45
7319	45
7868	45
10836	45
10909	45
11652	45
11799	45
11846	45
11973	45
12096	45
12225	45
13696	45
13945	45
14350	45
1778	46
2711	46
2939	46
3144	46
3368	46
3386	46
3491	46
4109	46
4198	46
6319	46
6621	46
7055	46
7962	46
7985	46
8175	46
11100	46
11135	46
11403	46
11551	46
11782	46
14390	46
3751	47
5078	47
7238	47
7290	47
7294	47
7911	47
8036	47
10772	47
10773	47
11396	47
11481	47
11963	47
13420	47
13421	47
13422	47
13849	47
13964	47
13965	47
14147	47
14402	47
1653	48
2831	48
2833	48
2834	48
2836	48
2837	48
2838	48
2839	48
2841	48
2842	48
2843	48
2846	48
3220	48
3238	48
5601	48
8748	48
8973	48
9088	48
12384	48
3741	49
5710	49
5713	49
6083	49
6089	49
6180	49
7020	49
7390	49
7460	49
8094	49
10474	49
10505	49
10798	49
11157	49
11744	49
11845	49
13519	49
14115	49
2277	50
3132	50
5704	50
6487	50
9558	50
9730	50
9734	50
9735	50
10269	50
10476	50
10530	50
10586	50
11137	50
11377	50
12143	50
13682	50
13856	50
14202	50
679	51
760	51
1113	51
1114	51
1117	51
1119	51
1120	51
1205	51
1776	51
1853	51
2036	51
2494	51
6720	51
6883	51
8333	51
8380	51
8670	51
8692	51
1785	52
3628	52
3629	52
3820	52
4017	52
4293	52
5647	52
6074	52
7321	52
7931	52
10493	52
10894	52
10963	52
11529	52
11817	52
13400	52
13972	52
24	53
41	53
103	53
127	53
270	53
288	53
297	53
1103	53
1126	53
1254	53
1749	53
1843	53
4511	53
5099	53
7326	53
7539	53
10764	53
4759	54
5683	54
6233	54
9425	54
9658	54
10252	54
10292	54
10660	54
11269	54
11516	54
11556	54
11675	54
11994	54
12116	54
13457	54
13802	54
4179	55
5676	55
6344	55
6921	55
7012	55
7071	55
7829	55
10501	55
10539	55
11208	55
11687	55
13396	55
13658	55
13763	55
13948	55
13990	55
1332	56
1698	56
2140	56
2685	56
2688	56
3080	56
3364	56
5675	56
5678	56
5680	56
5681	56
7165	56
7288	56
10306	56
13541	56
13608	56
3575	57
4356	57
6993	57
7234	57
10736	57
10966	57
11274	57
11275	57
11307	57
11914	57
11944	57
12126	57
12215	57
12255	57
13989	57
2941	58
4989	58
5009	58
6321	58
6467	58
7333	58
10445	58
10700	58
10959	58
11444	58
11480	58
11542	58
11672	58
11851	58
12036	58
2637	59
3452	59
3591	59
6112	59
6983	59
10364	59
10490	59
10631	59
11109	59
11580	59
11693	59
12005	59
12148	59
12173	59
13429	59
2150	60
4455	60
5673	60
5774	60
6239	60
6469	60
7022	60
10294	60
10533	60
11099	60
11759	60
11829	60
11943	60
14049	60
14055	60
2860	61
3243	61
6773	61
8458	61
8657	61
8824	61
8826	61
8994	61
9118	61
9186	61
12305	61
12527	61
12542	61
12603	61
2553	62
3447	62
3506	62
4941	62
5661	62
6356	62
6381	62
6912	62
7202	62
7939	62
10674	62
11095	62
13730	62
32774	62
200	63
1335	63
3605	63
5113	63
5750	63
5754	63
6360	63
6435	63
6534	63
7370	63
9548	63
9751	63
10838	63
11563	63
4323	64
5763	64
11756	64
11987	64
12074	64
12191	64
13352	64
13469	64
13639	64
13690	64
13749	64
14152	64
14333	64
4134	65
4793	65
4799	65
4808	65
5727	65
6619	65
6905	65
7131	65
7497	65
7640	65
9395	65
9499	65
9633	65
3269	66
5394	66
5396	66
6840	66
8754	66
8822	66
8884	66
8968	66
8980	66
9076	66
12373	66
12481	66
12575	66
4	67
25	67
47	67
52	67
131	67
299	67
1852	67
5653	67
6106	67
6192	67
11293	67
11422	67
11423	67
2495	68
2496	68
2701	68
5663	68
6263	68
7896	68
10508	68
11317	68
11602	68
11607	68
11659	68
11736	68
1248	69
5420	69
5556	69
6667	69
6670	69
8230	69
8642	69
8786	69
8812	69
12330	69
12659	69
12712	69
2033	70
3360	70
4969	70
5641	70
6078	70
6260	70
6434	70
7772	70
7819	70
10288	70
11931	70
764	71
1342	71
1732	71
2380	71
2853	71
3274	71
5469	71
5515	71
5574	71
8317	71
12352	71
715	72
4432	72
4560	72
7216	72
8046	72
10245	72
11076	72
11123	72
11747	72
13340	72
13442	72
18	73
1761	73
1970	73
3354	73
3794	73
5666	73
6922	73
10550	73
10812	73
11912	73
14373	73
4550	74
7820	74
10758	74
10905	74
11183	74
11253	74
11796	74
11937	74
13847	74
14009	74
3508	75
4540	75
7895	75
10587	75
10596	75
10629	75
10684	75
11308	75
13525	75
13691	75
1928	76
2562	76
4183	76
5686	76
7996	76
10676	76
11974	76
11984	76
12152	76
13858	76
1798	77
3582	77
3701	77
4201	77
4222	77
4600	77
6366	77
6377	77
7396	77
10876	77
5389	78
8229	78
8357	78
8358	78
8425	78
8436	78
8462	78
12301	78
12594	78
5380	79
6846	79
6849	79
8340	79
8601	79
12548	79
12593	79
12687	79
12788	79
8	80
114	80
302	80
4557	80
5707	80
7276	80
7362	80
11773	80
13348	80
6140	81
6306	81
7195	81
7417	81
7927	81
11562	81
13564	81
13835	81
5625	82
6658	82
6726	82
6803	82
6864	82
8264	82
8288	82
12747	82
4958	83
6113	83
6335	83
6395	83
6630	83
7825	83
8154	83
8166	83
1691	84
6997	84
7189	84
7745	84
11079	84
11507	84
13768	84
14007	84
3613	85
3758	85
7472	85
7610	85
9419	85
9434	85
9506	85
1666	86
1668	86
1682	86
2056	86
10593	86
10681	86
65051	86
681	87
4648	87
4770	87
9343	87
9345	87
9469	87
9503	87
7393	88
10851	88
11062	88
11354	88
11945	88
13354	88
2199	89
2471	89
5511	89
6865	89
7855	89
12435	89
1326	90
1695	90
2752	90
3725	90
3799	90
7865	90
151	91
4628	91
4657	91
7634	91
9292	91
9719	91
6731	92
8334	92
8846	92
8920	92
12627	92
5674	93
7158	93
10787	93
11913	93
13862	93
5102	94
5103	94
5104	94
5105	94
5106	94
3803	95
6249	95
11034	95
11281	95
11884	95
3743	96
6499	96
13415	96
13427	96
13561	96
3603	97
3816	97
7087	97
11053	97
11237	97
3463	98
6373	98
6488	98
7142	98
7283	98
2610	99
5603	99
6896	99
8585	99
12778	99
2048	100
2055	100
7893	100
10984	100
13504	100
1830	101
6362	101
6553	101
6949	101
10348	101
1324	102
1660	102
4596	102
10519	102
11790	102
229	103
237	103
238	103
2163	103
10797	103
195	104
1227	104
1909	104
2641	104
10927	104
10913	105
11952	105
13499	105
13953	105
6967	106
10514	106
11576	106
12035	106
5677	107
10628	107
11398	107
12105	107
5498	108
6697	108
8704	108
12358	108
4913	109
8955	109
9039	109
12500	109
3935	110
4193	110
10430	110
11827	110
3554	111
4181	111
6203	111
11842	111
2905	112
4178	112
10393	112
11645	112
646	113
3739	113
4302	113
5324	113
268	114
6350	114
11039	114
11149	114
8143	115
13686	115
14111	115
8047	116
10483	116
11090	116
6365	117
13406	117
13592	117
6128	118
12251	118
13554	118
5000	119
7270	119
11019	119
4788	120
7544	120
9290	120
4314	121
11923	121
13924	121
4231	122
7337	122
11534	122
3789	123
10347	123
11670	123
3735	124
11466	124
13928	124
11584	125
12883	125
11359	126
11662	126
11247	127
11934	127
10771	128
10821	128
10598	129
11035	129
8751	130
12442	130
8145	131
8164	131
7910	132
10866	132
6423	133
11995	133
6137	134
11637	134
3392	135
11312	135
3369	136
3378	136
3244	137
5580	137
2018	138
11569	138
659	139
10774	139
